0 628
1 158 486 1097 2919 2933
2 3285
3 1431 3219
4 467
5 648
6 1501
7 1833 2137
8 178 1033
9 1007
10 1670 2622
11 2034
12 113 557 677 794 839 966 1097 1357 1622 1760 2474 2487
13 1167 1493 1871 1894 2711
14 146 1248
15 2521
16 314 616 622 1013 1422 1567 1605 1708 2166 2415 2416 2417 2418 2597
17 879 2150
18 582 778 812
19 1338 1451 3308
20 3080
21 1073
22 726 2140 3251
23 1942
24 1227 2027
25 2057 2331
26 222 2729
27 229 755 1012 1290 1422 1943 2021 2023 2282 2782
28 28 135 1447 1578 1678 1912 2059 2312 2313 2314 2315 2316
29 1422 2838
30 532 1422
31 136 1131 1625 1759
32 118 3009
33 824 1822 3193 3197 3326
34 75
35 89
36 763
37 1745
38 2228 2388
39 1412 2466
40 631 2625
41 606 1059 3309
42 2655
43 136 887 1096 1238 1429 1625 1731 1759 2632 2633
44 1227 1845
45 939
46 3237
47 820 1098 1388 3130 3131
48 2185
49 1253 1510 2228 2341 2455 2994
50 2528 2529
51 453 493 1034 1214 1422 1607 2525 2828
52 274 1617
53 61
54 728 1903 2378
55 186 2119 2324
56 1027 2609
57 487 2570
58 284 740 742 1416 2009
59 931 962 968 1214 1290 1422 2826
60 793 916 2992
61 53 1443 1514 1734 2063 2113
62 1620
63 1053
64 1431
65 1944
66 1062 2342 3144
67 1960
68 2411
69 157 1178 2370
70 808 1474 2245 2335 2557 2899 3009
71 328 660
72 1896
73 497 832 1779
74 2365
75 34 1300 1697 1879
76 1132 1861 2428 2530 2644 2955
77 1222
78 1687 2043 2366 2492
79 298 2089
80 359 2316 3029
81 558 591 1145 1527 2414 2976
82 2271
83 540 584 649 654 923 1077 1225 1383 1842 1932 2673 3017 3018 3046 3299 3318
84 582 653
85 2893
86 1488 1857
87 1710 2215
88 3156
89 35
90 118 3277
91 1992
92 582 2189
93 2939
94 1192 2793
95 110 822 928 2269 2636 3274
96 119 132 339 1322
97 902 1201 2572
98 353 386 936 1078 1406 2174 2284 2297 2510 2511
99 157 1015 2571
100 100 1026 2158
101 825 1325 1340 1434 2855 3087 3161
102 1016 1639 1748 2198
103 2130
104 1768 1964
105 976
106 155 1366 2189 2643 2776
107 3193
108 1833 2137
109 1454 1819 2658 2659
110 95 472 541 1551 1704 3274
111 251
112 1249
113 12 150 1533 1875
114 553 1419 1538 1686 2074 2677
115 880 2122
116 3310
117 367
118 32 90 3133
119 96 132 1829 3133
120 337 1650
121 1911 3137
122 827 2421
123 1992
124 124 1811
125 831
126 204
127 143
128 1041
129 1240
130 582 1004
131 935 2622 3324
132 96 119 779 1322 1329 3134
133 1631
134 874
135 28 1566 2080
136 31 43 1561 1702 1759 1940 2315 2507 2519 2520 2598
137 755 1034 1422 2782
138 468 680 1097 1131 1736 1853 2196 2487 2488
139 602 958
140 1713
141 1036
142 1002 1200 1455 2059 2734
143 127
144 847 1130 1429 2110
145 3121
146 14 1248
147 1350 1439 1647 2264 2404 2405 2625 2626
148 1770 2068 2228
149 364
150 113 557 677 966 1097 1357 1622 1760 2474 2487
151 930 1736 2217 2299
152 1429 1666 2546
153 396 744 755 2925
154 450 1112 1131 1625 1668
155 106 155 922 2643 2776
156 942 1334 1677 3084
157 69 99 1178 2507
158 1 1097 2919
159 465
160 926 934 1616 2133 2716
161 2003 2735 3070
162 1070
163 3182
164 2409
165 944 1994 2804
166 667
167 1904 2909
168 3193
169 247 929
170 491 881 1755 2228 2571 2583 2803
171 425
172 1557 2320 2322
173 519
174 1289
175 2941
176 2679 2750
177 1971 2442 2687
178 8 1033
179 1298 1860 2436 2696
180 351 661 2638 2639
181 1262 1422
182 2262
183 2946
184 1825
185 3278
186 55 2507 2883
187 199
188 2619
189 1802 2076 2434
190 325 3107 3184
191 1927 2169
192 192
193 572
194 397 1522 1620 2218 2900 3051 3052
195 1407 1823
196 2508
197 715 755
198 1453 2001 2327
199 187
200 2842 2843
201 1701
202 1594
203 1094 2899 3009
204 126 1434 3087
205 212 783 854 2296 3076 3134 3265
206 772
207 270
208 218 404 438 997 1534 1718 2433 2703 2705 2706 2966
209 1991
210 3183
211 1444 1896
212 205 783 2835 2836 3076 3265
213 528 2097 3073
214 2485 2773 2928
215 582
216 695 1655 2615
217 1319 1603 2867
218 208 1482 1718 1896 2433 2703
219 2254 3093
220 755 968 1034 1214 1422 2475 2782
221 1097
222 26 567 1392 2634 2729 2857
223 223
224 1622
225 741 1066 1528 3203 3204
226 1907 2713
227 843 1809 2619 3249
228 300 411 1233 1531 2815 3012
229 27 307 492 887 895 1230 2023 2282 2782 2785
230 356 1968 2979
231 875
232 252 333
233 2079
234 582 2391 2993
235 256
236 618 1582
237 585 1731 2398 2564
238 735
239 767 1321 3230
240 2942
241 603 936 1414 2174 2861
242 796 1582 1736 2032 2196 2299
243 931 1812
244 906
245 1066 3124 3189 3203 3204
246 1422 2782
247 169 1217 1265 2063 2088 2613 2643 2848
248 297 1669
249 906
250 825 2083
251 111
252 232
253 843 1992 2579
254 266 1543 1687 1772 1822 2067 2222 2551 2619 2732 2733 3249
255 2277
256 235
257 720 2970
258 962
259 1637 2978
260 2749
261 288
262 1597
263 525 737 886 2422 2655
264 1267
265 1536 2220 2452
266 254 672 1156 1809 2067 2619 3249 3298
267 749 1259
268 1942 2622 3242 3324
269 1782 1903 3228 3234 3235 3236
270 207
271 1266
272 450 2765
273 416 468 768 1417 2217
274 52
275 710 1297
276 276
277 3238
278 2015 2469
279 279 688 1928 2326
280 1296 1563
281 646
282 1163 2348
283 1596 3252
284 58 284 2009
285 1418 1967
286 1466 1835 2401 2674
287 1011
288 261 1361
289 1422 1943
290 2701
291 873
292 594 1843 2141 2854
293 1585 1874
294 540 3046
295 3061
296 2853
297 248 513 1669
298 79 468
299 1057 1134
300 228 1410 1531 2763 2815
301 1204
302 302 962 1943 2651
303 493 719 937 1190 1343 1422 1480 2116 2254 2585 3093 3186
304 637 1620 2025
305 2929
306 1368
307 229 585 1230 1290 1918 1943 2230 2398 2676 2782
308 2930 3221
309 1680
310 1878 2936 2937
311 413 1253 2803
312 2644
313 964 2984
314 16 373 622 912 1422 1567 1605 1708 1943 2166 2596 2597 2637
315 1124
316 777 2931 2932
317 411
318 717
319 1536 2220 2646
320 2962
321 2227 3083
322 1879
323 697
324 3116
325 190 3184
326 984 3085
327 1382
328 71 660
329 1889 2517 2618
330 3184 3206
331 1083 1278 1709 2948
332 2259 2921
333 232 777
334 1692
335 723 1088
336 561 876 1180 1600 2580 2581 3002
337 120 1650
338 1227 2642
339 96 472 2789
340 1050 2597
341 1869
342 678 3296
343 1773
344 2238 3289
345 1452
346 1663
347 1202 1758 1853 2073 2527 2633
348 399 1991
349 2760
350 2399
351 180 661 1112 2638 2639
352 1728 3293
353 98 2434
354 3006
355 1121
356 230 3156
357 1948 2350 2351
358 358
359 80 3029
360 477
361 1918 2185 2444 2649 2650
362 2339 2340
363 800
364 149 399 1991
365 630 1150
366 2061
367 117
368 1199
369 580
370 2157 2499
371 1369 1423 1746 1981 2463 3071
372 3193
373 314 373 616 912 1117 1605 1708 2416 2490 2925
374 1411 2368 2790 3286
375 1793
376 2300
377 715 2405
378 2767 3272
379 582 2189
380 2155 3188
381 1457 2955
382 696
383 989 1033
384 1930
385 1700
386 98
387 2808
388 2254
389 2111 2989
390 871 1916 2103 2105
391 2995
392 2316
393 566
394 1879 2594 2711
395 2519 2622
396 153 468 930 2217 2519 2887
397 194 1522
398 1251 1843
399 348 364 957
400 400 862
401 2739
402 603 1414 2861
403 3185
404 208 1534 1718 1896 2703 2705 2706 2966
405 582 1660 2179 3274
406 1296
407 1364
408 637
409 1341 1529 2584
410 1808 3106
411 228 317 1033 1335 1410 2815
412 2440 3257
413 311 805 1812 2204 2718 2719 2720
414 1128 1625 1666 2429 2565
415 2533
416 273 1758 2645
417 915 1335
418 1207
419 476 1004
420 1933
421 1135 1162 2275 2631
422 2237 2867
423 1756
424 3163
425 171
426 2129
427 840 1560 1705 2114 2477
428 773 1439 1647 2264 2404 2405 2625 2626
429 541 1620 2028 2154
430 1684 2844
431 869 1174 1268 2352
432 2983
433 2829
434 549 1655 2361 2362
435 1019 1875 1996
436 2317
437 2922
438 208 1718 1896 2703 2705 2706 2966
439 2011 3128
440 3047
441 1782 2501 2812
442 2911
443 857 1828 2406
444 1301 2655
445 509 2891
446 2388
447 1184 3286
448 888 1090
449 1543
450 154 272 542 882 1020 1532 1561 1817 1915 1965 2196 2295 2299 2507 2519
451 1630 2736
452 2214
453 51 807 835 887 941 1009 1034 1214 1219 1422 1599 1644 2053 2254 2475 2667 2782 2784 2786
454 2828
455 1656 1684 1992 3017
456 1592
457 1438
458 2233 2358
459 2099
460 992 1751 3030 3263
461 1508
462 476
463 2539 2540
464 1758 1853
465 159 2153 2345 2973
466 936 2174 3138
467 4
468 138 273 298 396 680 768 930 968 982 1097 1251 1362 1473 1665 1736 1853 2089 2196 2217 2299 2622 2718 2719
469 1101 1478
470 1982
471 1676 2314 2554 2588
472 110 339 541 703 780 1704 2269 3274
473 843 1808 2524
474 3055 3056
475 3295
476 419 462 1247 2203 3046
477 360
478 3046
479 3105
480 571
481 2236
482 830 833 1076 3156 3272 3276
483 1585 2020 2624
484 1210 1531
485 1052 2752
486 1 486 509 1097 1115 1202 1362 1570 2356 2891 3228
487 57 734 837 1140 1651 2108
488 667
489 582
490 1394 2858
491 170 881 2228 2994
492 229 755 1012 1034 1422 1644 2181 2404 2632
493 51 303 1214 2151
494 637 1620 2025
495 1262 1422
496 861
497 73 1779 2974 2975
498 2652
499 886 2274
500 1809 3249
501 1011 1575
502 517
503 1529
504 624 2292 2844
505 1729
506 1583 1944 3213
507 2834
508 1822 2732 3248
509 445 486 1362 1570
510 2827
511 625
512 620
513 297
514 2809 2810
515 1383 1498 3299
516 2646
517 502 1215 1583 2647
518 1896
519 173 519 3146
520 2380 2402
521 964
522 1830
523 1840 2349
524 1537 2787 2938
525 263 648 705 2573 2577
526 920 2163
527 1422 1943
528 213 962 1422 2396 2829
529 1724 1958
530 664 1017 1621 1641 1966
531 2610
532 30 1944
533 1764 2691
534 2287
535 641 946 2584
536 2477
537 650 836
538 632 1506
539 1783
540 83 294 555 911 923 1945 2515 2646 2910 2911 3046
541 110 429 472 703 809 822 928 1464 1477 1620 1704 1768 1865 2269 2721 2745 2840 3047 3048 3049 3050 3274
542 450 1020 2295
543 2561
544 1915 2302
545 1046 2259
546 546
547 582 819
548 851 1877 2063
549 434 755 1422 1821 2361 2585 2782
550 2899 3009 3010
551 749 1259
552 2412 2789
553 114
554 799
555 540
556 969
557 12 150 725 1883 1922
558 81 591 1145 2414 2976
559 1013 1097 1570
560 2191 2482
561 336 1180 1366 2580 2848 3025
562 1586 1735
563 582
564 1477 3048
565 904 1264 1330 2484
566 393 698 2212
567 222 1435 2005 2400 2464 2486 2730 2898 3221
568 1839 3023
569 624 3153
570 1786
571 480 571
572 193 1024 1998
573 624 670 1478
574 1109 1518 2049 2267
575 620
576 1887
577 1027 1971 2080
578 2225 2367
579 1410 1531
580 369
581 1750
582 18 84 92 130 215 234 379 405 489 547 563 587 637 647 653 676 790 879 1002 1004 1170 1200 1387 1410 1516 1525 1660 1693 1701 1753 1921 1967 2066 2100 2134 2179 2249 2258 2391 2447 2840 2920 2921 2950 2973 3017 3099 3148 3216 3217 3218
583 2384
584 83 1039 2531
585 237 307 1214 1422 1943 1997
586 1214 1422 2116 2556 2782
587 582 2840
588 828 1255 1275 2536 2537
589 3096
590 2185 2206 2868
591 81 558 1145 1527 2414 2704
592 592
593 2325
594 292
595 618 878 1447 1961
596 3191
597 3174
598 1887
599 1259
600 1001 2105
601 3192
602 139 958 1858
603 241 402 1471 2799 3128
604 692 2458
605 859
606 41
607 1879 2868
608 608 2889
609 684 2866
610 1116 2910 2911 3039
611 620 2605
612 1316
613 2603
614 849
615 1818 2673
616 16 373 622 755 931 1422 1567 1605 1708 1943 2166 2415 2596 2597 2862
617 2290
618 236 595 2380
619 2290
620 512 575 611 709 2174 2321 2413 2439 2605
621 1790
622 16 314 616 912 1013 1117 1605 1708 1943 2416 2418 2596 2597 2637 2925
623 632 1506
624 504 569 573 777 865 915 1272 1318 1335 1836 2134 2292 2578 2845 3153
625 511 2376
626 626 2126
627 755 2564 2632 2681
628 0
629 1460 1717 2630
630 365 1757 2319
631 40
632 538 623
633 1422 1470
634 1162 2132 2899
635 2922
636 3258
637 304 408 494 582 808 1620 1797 1921 1967 2066 2189 2440 2562 2931 2977
638 2218 3039
639 1893 2753
640 1935 3214
641 535 825 1080 1447 2595
642 1000 2464
643 1741
644 2282
645 3315
646 281
647 582
648 5 525 651 1143 2574 2575 2647
649 83 2495 2646 2911 3046 3099
650 537 1655 2505
651 648
652 2214
653 84 582
654 83 2515
655 687 3200 3201
656 2940
657 658
658 657
659 1720
660 71 328 1481
661 180 351 1096 1439 1625 1740 2264 2404 2405 2639 2640 2641
662 2260
663 2385
664 530 1026 1203 2438
665 2256
666 1491 3140
667 166 488 760 1099 1179 1187 1243 1530 1555 1707 3101
668 1294 2536
669 2492
670 573 865 924 974 1311 1472 1565 1836 2578 2771 2844
671 1960
672 266 1738 3133
673 1293 2445 3261
674 1865
675 1864 2827 2875
676 582
677 12 150 985 1275 2199 2443 2506
678 342
679 1979
680 138 468 2089
681 2577 2980
682 881 1471 2228 2494
683 2558
684 609
685 2961
686 2181 2827
687 655 3200
688 279 1928
689 2729 3221
690 1613 2579 2939 2948 3007
691 931 968 1567 2166 2396 2417 2481 2597
692 604
693 2182
694 2965
695 216 1682 2483 2791 2792
696 382 869 1236 2352
697 323 1783
698 566 1004
699 1347
700 2035
701 1712
702 2928
703 472 541 2745
704 2722
705 525 2422 2577
706 800 2927
707 2028
708 3156
709 620 936 1424 1471 1557 1987 2174 2320 2369
710 275 1159
711 2727 3102 3103
712 1177
713 1676 2314 2554 2588 2604
714 1083
715 197 377 1725 1940 2264 2404 2405
716 1125 1366 2329
717 318 1896 1902 2976 3311
718 2241
719 303 755 1190
720 257
721 1485 1967 2683
722 1334 3107
723 335 1088 2219
724 2293
725 557 966
726 22 2747
727 1682
728 54
729 2977
730 2985 2986 2987
731 2310
732 1250
733 1296
734 487 1651 3304
735 238
736 2339
737 263 1460
738 3241
739 2213
740 58 742 1416
741 225 3036
742 58 740 1380
743 2140
744 153 2235 2466 2519 2586 3275
745 2921
746 2420 3028 3193
747 747 803 960 1723 2501
748 2668
749 267 551 1195 1259
750 1065
751 1446 1447
752 1204
753 1947
754 2923
755 27 137 153 197 220 492 549 616 627 719 887 912 1009 1013 1647 1961 2128 2254 2257 2488 2585 2622 2650 2663 2664 2665 2666 2667
756 2385
757 1420 2099
758 2960
759 1512
760 667 1707
761 2375
762 2337
763 36
764 1424
765 2124
766 1037
767 239 1321 3254
768 273 468 2645 2964
769 1016 2081
770 1202 1591 2633
771 1103 1256 2646
772 206 1296 1331 1546
773 428 1647 1725 2264 2626
774 1562 2606
775 775 1376 1422
776 781 1030
777 316 333 624 1691 2261 2560 2845
778 18 2252 3223
779 132 932
780 472
781 776 2375 2479
782 2945
783 205 212 2296 2835 2837 3076
784 1715 1822
785 1397
786 2216
787 1413
788 3262
789 3176
790 582 1000 1545 3026
791 2309
792 1671 2160 2476
793 60 916
794 12 1041 1357
795 2679
796 242 930 968 2063 2119 2217
797 2305
798 1992
799 554 1422
800 363 706
801 1391
802 1573 1854
803 747 803 990 3019
804 1776
805 413 986
806 1537
807 453 1214 1422 2564 2667 2782
808 70 637 1620 2066 2562
809 541
810 1913
811 1970
812 18 1437 1789 2963
813 1585 1874 2770 2771
814 908
815 2339
816 2377 2426
817 2616
818 1202
819 547 1200 1247 2316 2646 2734 3046
820 47
821 2591
822 95 541 1043 2498
823 1909
824 33
825 101 250 641 1080 1574 2855
826 2712
827 122 2421
828 588 828 1255
829 1082 1505 2411
830 482
831 125 3063
832 73 1779
833 482
834 834
835 453 1422 2021 2181 2782 2828 3030
836 537
837 487 3283
838 838
839 12 1357 2487
840 427 2477 2559
841 1459
842 842 1963
843 227 253 473 2202 2551 2579
844 1154
845 845
846 3193
847 144 1398 1517 1666 1853 1875 2205 2360 2520 2592 2633
848 848
849 614
850 886 1605 2024 2182 2596
851 548 2863
852 1304
853 2252
854 205 1521 2620
855 983
856 1621 2739
857 443 1828 2406
858 1803
859 605 1795
860 1004 2177 2497 2920 3296
861 496 1171 2178
862 400
863 1780 2209
864 904 1330 1346 2874
865 624 670 924 1335 1836 1999 2212 2266 2692
866 3239
867 1173
868 897
869 431 696 2352
870 2019
871 390
872 1665
873 291 2693 3225
874 134 2866
875 231 1131 1257 1625 1918 2797
876 336 1366 2848 3025
877 940 1379 1672 2353 2375 2442 2467
878 595 2313
879 17 582
880 115 1877
881 170 491 682 2363 2364
882 450 2519
883 1496
884 1172 1992 2512
885 2434
886 263 499 850 1567 1796 2182 2277 2655 2768 2769
887 43 229 453 755 1012 1034 1112 1214 1351 1422 1943 2021 2247 2282 2404 2782 2839 2859
888 448
889 1430 2545 2799
890 2454
891 1108 2087 2471
892 892
893 2318
894 1070 1668
895 229 1012 1290 2021 2023 2782
896 1081
897 868
898 1931
899 2123
900 1072
901 1436 1810 3037
902 97 902 1201 2572
903 2145 2969
904 565 864 1699 2369 2371
905 1484
906 244 249 1903 2567 2568
907 1706
908 814 1569 2708
909 2268
910 910
911 540 3060
912 314 373 622 755 1117 1605 1708 2416 2490 2925
913 913
914 914 1794 2136
915 417 624 2301
916 60 793
917 1036 2176 2660
918 3072 3080
919 1425
920 526 1469 1832 2547
921 1280 3017 3026
922 155 1087 1246
923 83 540 1170 2218 2316 2911 3018 3099
924 670 865 2578 2845
925 995
926 160 934
927 1135 2899
928 95 541 1326
929 169 2863
930 151 396 468 796 2196 2519 2633
931 59 243 616 691 1025 1117 2597
932 779
933 1905 1977
934 160 926 1616 2133
935 131 2590 3233
936 98 241 466 709
937 303 2377 2782
938 2104 3251
939 45
940 877 1155
941 453 1214 1422 2564 2667 2782
942 156 1863 2305 2343
943 1554 2010
944 165
945 3016
946 535 1584 2379 2906
947 1716
948 1114
949 2579
950 2292
951 1638 2656 3154
952 2982
953 1440 2298 2736
954 2366 3108
955 3144
956 1022 1461
957 399
958 139 602 2543 3035
959 1949 3075
960 747 2501
961 1405
962 59 258 302 528 1422 2097 2226 2416 2418 2829 3073
963 3158
964 313 521
965 1112 1157 1301 1422 1567 1943 2166 2234 2829 3013 3014
966 12 150 725
967 2701
968 59 220 468 691 796 1157 1214 1422 1567 1605 1625 1943 2097 2166 2196 2226 2234 2564 2596 2632 2633 2774 2782 2829 2882 2967 3086
969 556 1687
970 1949
971 2529
972 1736
973 2778
974 670 1891
975 1295 2478
976 105 2434
977 2699
978 1422 1764
979 2458
980 1645 2098
981 2311
982 468 1130 1591 1736
983 855
984 326 2046
985 677 1275 2443
986 805 2419
987 2006
988 2458
989 383 1033
990 803 1207 1223
991 1474 2557
992 460 1421 2242
993 2097 2427 2774 2775 2829 2925
994 2224 2675
995 925
996 3116
997 208 1035 1896 2703
998 1315 1515 2589 2909 3314
999 1754 1948 2351
1000 642 790 1545 2400 3120
1001 600 1001 1119 1577
1002 142 582 1200 2085 2734
1003 1801
1004 130 419 582 698 860 2497 2816 2920
1005 1816
1006 2762 2999
1007 9 1208
1008 1668
1009 453 755 1422 1853 2507
1010 1703 2925
1011 287 501 1583 1944 2148 2330
1012 27 492 887 895 1034 1214 1644 2023 2282 2475 2681 2785
1013 16 559 622 755 1422 1567 1605 1943 2166 2597
1014 1014
1015 99 1275 1422 2443 2783
1016 102 769 1866
1017 530
1018 1032 2514 3241
1019 435 1625 1875 2073
1020 450 542
1021 1188 2108 2589 3066
1022 956 1302 1461
1023 1493 2709
1024 572
1025 931 2490
1026 100 664 2158 3157
1027 56 577 1620 2608
1028 1557 2320 2605
1029 1564
1030 776 1971 2062 2353 2354 2372
1031 1125 2328 2329
1032 1018 2514 3241
1033 8 178 383 411 989 1234 1426 2112 2819
1034 51 137 220 453 492 887 1012 1214 1230 1422 1607 1617 1644 2475 2782 2925
1035 997 1051 1152 1206 1534 2703
1036 141 917 2853
1037 766
1038 2082
1039 584 1170 2531
1040 2877
1041 128 794 1357
1042 3045
1043 822 1829 2498 3274
1044 1264 1395 1619 1802 2323 2434
1045 1596 3252 3253
1046 545 2054 2259
1047 3237
1048 1143
1049 2339 2463
1050 340
1051 1035
1052 485 1239 2657 2752 3215
1053 63
1054 1214 1943 2626
1055 2879
1056 2593
1057 299
1058 1366
1059 41 1337
1060 1979
1061 1061
1062 66 2232
1063 1675 2543
1064 1202 1853 2527 2633
1065 750 1065
1066 225 245 3036 3203 3204
1067 3021
1068 2899
1069 2503 2504
1070 162 894 1625 2399
1071 1422 2128 2822 2829
1072 900 1309 1818
1073 21 3303
1074 1095
1075 2780
1076 482 1589
1077 83 1077
1078 98 1259 2510 2848
1079 1555 1707 1950
1080 641 825 1340 1348 2595
1081 896
1082 829 2532 3273
1083 331 714 1709 3069
1084 1123 2343
1085 3139 3244
1086 1807
1087 922 1239 1620 2054 2189
1088 335 723 2953
1089 1400
1090 448
1091 1471 2861 2874
1092 1579 1662 3185
1093 1990 2161 2423 2424 2425
1094 203 2052 2899 3051
1095 1074
1096 43 661 2638
1097 1 12 138 150 158 221 468 486 559 1429 1467 1625 1875 1879 1894 2427 2648 2919 2933
1098 47
1099 667 1530
1100 1526
1101 469
1102 1939 2602
1103 771 1116 2911
1104 2871
1105 1167 1894
1106 2403 2757
1107 2496 2497
1108 891
1109 574 1518
1110 1952
1111 1983 2727
1112 154 351 887 965 1251 1480 1635 1644 1647 2475 2522 2626 2820 2927 3014
1113 3211
1114 948
1115 486 2891 3042 3228
1116 610 1103 1836
1117 373 622 912 931 1117 1422 1567 1605 1708 1943 2166 2596 2637 2925
1118 1194
1119 1001 1577 2552 2749
1120 1659 2654
1121 355
1122 2396 2991
1123 1084 1733 1855 2343
1124 315
1125 716 1031 1125 2884
1126 3033
1127 3141
1128 414 1761
1129 2513 3241
1130 144 982 1429 1591 1666 2057 2110 2331 2422 2728
1131 31 138 154 875 1251 1609 1666 1875 2621 2680 2681
1132 76
1133 3259
1134 299
1135 421 927 1485 2683 2899 3207
1136 2196
1137 2544
1138 2767
1139 2223
1140 487
1141 1241
1142 1217
1143 648 1048 1677 2573 3053 3174 3193
1144 1282 1396 1556 2382
1145 81 558 591 1896 2152
1146 1896
1147 1449
1148 1148
1149 1404
1150 365
1151 1847
1152 1035 2414 2703
1153 2968 3078 3079
1154 844
1155 940 1379 1672 2353 2375 2442 2467
1156 266 1738 3133
1157 965 968 1281 1422 1943 2829
1158 2813
1159 710 2086 2754 2755
1160 1432
1161 2714
1162 421 634 3010
1163 282 2348
1164 2344
1165 2041 2462
1166 1166
1167 13 1105 1493 1894 1901 2711
1168 1814
1169 1209
1170 582 923 1039 1225 2531 2726 2819
1171 861 1171
1172 884 1363
1173 867 1720 2794 2796
1174 431
1175 2958
1176 1821 2226 2435
1177 712 1177
1178 69 157
1179 667 1707
1180 336 561 1366 1600 2329 2580 2581 2643 2848 3025
1181 3316
1182 2960
1183 1366 1600 2643
1184 447 2186
1185 2955
1186 1868 2306 3193
1187 667
1188 1021
1189 1767 2060 3021
1190 303 719 2585 2828
1191 3108
1192 94 2793
1193 1841 1981
1194 1118 2246 3280
1195 749
1196 1791
1197 1896
1198 1724
1199 368 1993
1200 142 582 819 1002
1201 97 902 2572
1202 347 486 770 818 1064 1570 2356 2527
1203 664 2438
1204 301 752
1205 1212 2830
1206 1035
1207 418 990
1208 1007 1767 2060 2877
1209 1169
1210 484 1531 2612
1211 1211 1585 2779 2780
1212 1205 1473
1213 2325
1214 51 59 220 453 493 585 586 807 887 941 968 1012 1034 1054 1219 1230 1290 1480 1644 1724 2023 2053 2230 2398 2444 2475 2585 2649 2650 2782 2784 2786 2824 2826 2860
1215 517 2923
1216 1801
1217 247 1142
1218 1868 3068
1219 453 1214 1422 2564 2667 2782
1220 1629 1721 2472 2670 2672 2868
1221 2054
1222 77 1864 2434 2684
1223 990
1224 2348
1225 83 1170 1932
1226 2853
1227 24 44 338 1845 2095 2642
1228 1317
1229 3098
1230 229 307 1034 1214 1290 1666 2859
1231 1390 1586
1232 2211 2226 2926
1233 228
1234 1033
1235 1677 2245 2335
1236 696
1237 1431 1553 3219
1238 43 1422 2506 2782
1239 1052 1087 1265 2210 2249 3215
1240 129
1241 1141 1694 1907
1242 2311
1243 667
1244 2944 3193
1245 1245 2482
1246 922 2776
1247 476 819
1248 14 146 1248
1249 112 2280
1250 732
1251 398 468 1112 1131 1422 1625 1843 1965 2398 2483 2622
1252 3117 3118 3119
1253 49 311 1328 1510 1915 2455
1254 2722
1255 588 828 2537
1256 771 2259 3046
1257 875 2797
1258 1689
1259 267 551 599 749 1078 2510 2897
1260 1981 2219
1261 2480 2481
1262 181 495 2825 2978
1263 2529
1264 565 1044 2174 2369 2984
1265 247 1239
1266 271 3273
1267 264
1268 431 2352
1269 1269
1270 1270
1271 1302 1461 2601
1272 624
1273 1422
1274 1739
1275 588 677 985 1015 1731 1825 2361 2444 2506
1276 1291
1277 2725
1278 331
1279 2627 2628
1280 921
1281 1157 1943 2226 2234
1282 1144 2381
1283 1370
1284 1312
1285 1523
1286 1411 1543 2366 2790 3286
1287 2058 2940
1288 1648
1289 174
1290 27 59 307 895 1214 1230 2023 2782
1291 1276
1292 1811
1293 673 3261
1294 668
1295 975
1296 280 406 733 772 1585
1297 275 2393
1298 179 2092
1299 2406
1300 75
1301 444 965 2774 2775
1302 1022 1271 1461 2601
1303 3047
1304 852
1305 3021
1306 3180 3181
1307 1865 2112
1308 1769 2680
1309 1072
1310 3125 3221
1311 670 2316 2607
1312 1284
1313 1462 2709 3246
1314 3094
1315 998
1316 612 3015
1317 1228
1318 624
1319 217 1603 1770 2237
1320 2159 2629
1321 239 767 3229 3230
1322 96 132
1323 1323
1324 1410 1449 1562 2816 2817
1325 101
1326 928 1408 1620 2245 2335 2400
1327 2164
1328 1253 3162
1329 132
1330 565 864 1699 2369 2371
1331 772 2142
1332 2777
1333 1879 2594 2711
1334 156 722
1335 411 417 624 865 2578 2612
1336 1681
1337 1059
1338 19
1339 2758
1340 101 1080 2855
1341 409 1925 3151
1342 2396
1343 303 1422 1427 1943 2398 2782 2829
1344 2118
1345 1892
1346 864 2861 2874
1347 699
1348 1080 1574 2276
1349 1749 2528 3129
1350 147 1399
1351 887 1644 2121
1352 1829 2412
1353 2900
1354 2812
1355 2866 2984
1356 1762
1357 12 150 794 839 1041
1358 2919
1359 2174
1360 1360
1361 288
1362 468 486 509
1363 1172 1822 2512
1364 407 2184 2240
1365 1504 1933
1366 106 561 716 876 1058 1180 1183 2088 2580 2581
1367 2947
1368 306
1369 371 1981 3071
1370 1283
1371 1962
1372 1841
1373 1885 1948
1374 2078
1375 1375
1376 775
1377 1438
1378 2907
1379 877 1155 1823 2353 2375 2442
1380 742 1416
1381 1846 2322 2553
1382 327 3038
1383 83 515
1384 2779 3052
1385 2452
1386 1635
1387 582
1388 47
1389 3043
1390 1231 2173
1391 801 2756
1392 222 2634 2857 3212
1393 1721
1394 490
1395 1044 2323 2861 2866 2984
1396 1144 2381
1397 785
1398 847 1429 2110 2427
1399 1350 1429 1587 1666 2224 2427 2675
1400 1089 1944
1401 1411 2790
1402 2243
1403 1978
1404 1149 1404
1405 961
1406 98 1406
1407 195 1407
1408 1326
1409 2738
1410 300 411 579 582 1324 1531 2345 2814 2815 3294
1411 374 1286 1401 1726 2067 2366 2367 2368
1412 39 3138
1413 787
1414 241 402 1422 2861
1415 1668 1835
1416 58 740 1380
1417 273 1758 2217 2645
1418 285
1419 114 1698 2339 2389
1420 757
1421 992
1422 16 27 29 30 51 59 137 181 220 246 289 303 314 453 492 495 527 528 549 585 586 616 633 775 799 807 835 887 941 962 965 968 978 1009 1013 1015 1034 1071 1117 1157 1219 1238 1251 1273 1343 1414 1470 1582 1590 1607 1630 1644 1658 1663 1724 1834 2021 2023 2047 2053 2064 2115 2116 2139 2181 2230 2234 2244 2254 2257 2396 2398 2435 2444 2475 2490 2585 2622 2649 2650 2651 2663 2664 2668 2681 2783 2784 2785 2820 2821 2822 2823 2824 2825 2826 2827 2828 2829 2830
1423 371 2059
1424 709 764
1425 919
1426 1033 3153
1427 1343 2925
1428 1884 3037
1429 43 144 152 1097 1130 1398 1399 1625 1759 1853 1989 2110 2147 2331 2420 2421 2422 2520
1430 889 1973
1431 3 64 1237
1432 1160
1433 3064 3065
1434 101 204
1435 567 1854 2729 2730 2898
1436 901 1810
1437 812 2259
1438 457 1377
1439 147 428 661 2626 2638
1440 953 2124 2736 3034
1441 1762 2603 2669
1442 2437
1443 61 2013
1444 211
1445 2020 2401
1446 751 1574
1447 28 595 641 751 2560 2811
1448 1971 2353 2738
1449 1147 1324 2606
1450 1505
1451 19 3308
1452 345
1453 198 1625 1875
1454 109
1455 142 2734
1456 2188 2694
1457 381 2156 2644 2955 2956
1458 2972
1459 841 1459
1460 629 737
1461 956 1022 1271 1302 2215 2601 2918
1462 1313 2039 3246
1463 2704
1464 541 1551
1465 2832
1466 286
1467 1097
1468 1867 2350
1469 920 2163
1470 633 1422
1471 603 682 709 1091 2494 2861 2954 3128
1472 670 1813 2210 2646 3046
1473 468 1212 2964
1474 70 991
1475 3264
1476 2655
1477 541 564
1478 469 573
1479 1479
1480 303 1112 1214 2715 2782
1481 660
1482 218
1483 1795 1821
1484 905 1920 2063 2113 2912
1485 721 1135
1486 1864
1487 1491 2138
1488 86
1489 1805
1490 2033
1491 666 1487 1767 2060
1492 1625 2565
1493 13 1023 1167 1894 2187 2712
1494 2239
1495 1929
1496 883
1497 2336
1498 515
1499 3135
1500 1500
1501 6
1502 2201
1503 1503 1674
1504 1365 1933
1505 829 1450 2411 3273
1506 538 623
1507 3001
1508 461
1509 3056
1510 49 1253
1511 2502
1512 759
1513 2300
1514 61
1515 998 2050
1516 582
1517 847 1580 1875 2183 2361 2362
1518 574 1109 1518 2267
1519 3226
1520 1520
1521 854
1522 194 397 2245 2335
1523 1285 3169 3170 3171 3172
1524 3032 3064
1525 582
1526 1100
1527 81 591
1528 225
1529 409 503 1925 3199
1530 667 1099
1531 228 300 484 579 1210 1410
1532 450 1915
1533 113 2927
1534 208 404 1035 1896 2703
1535 1763
1536 265 319 1536 2220 2452
1537 524 806
1538 114
1539 2653
1540 2363
1541 3100
1542 2420 2558
1543 254 449 1286 2067 2732
1544 2895
1545 790 1000 2400 3026
1546 772
1547 2432
1548 2271 3268
1549 1549
1550 2036
1551 110 1464 1704 2269 2332 3274
1552 1552
1553 1237
1554 943 3044
1555 667 1079 2015 2469
1556 1144
1557 172 709 1028 2321 2322 3227
1558 2331
1559 1593
1560 427 1705 2559
1561 136 450 2228
1562 774 1324
1563 280 3062
1564 1029
1565 670
1566 135
1567 16 314 616 691 886 965 968 1013 1117 1708 2182 2204 2416 2418 2637 2655 2925
1568 2485 2680 2766 2767
1569 908 2708
1570 486 509 559 1202 2356
1571 2055 3117 3118 3119
1572 3049
1573 802
1574 825 1348 1446
1575 501 1944 2478 2919
1576 2174
1577 1001 1119 1882 2552
1578 28
1579 1092
1580 1517 1640 2183 2360 2361 2362 2506 2880
1581 3242
1582 236 242 1422 2032 2299
1583 506 517 1011 1843 2387 2584 3080
1584 946 2379 2380
1585 293 483 813 1211 1296 1874 2020 2462 2770 2771 2779
1586 562 1231 3241
1587 1399 1625 1989 2110 2147 2331 2420 2421 2422 2919
1588 2468
1589 1076 2453 3272
1590 1422 1943
1591 770 982 1130 1665 2293 2622
1592 456
1593 1559
1594 202
1595 2945
1596 283 1045 3252 3253
1597 262
1598 2285
1599 453 2116
1600 336 1180 1183 2848 3025
1601 2700
1602 1602
1603 217 1319 2867
1604 3104
1605 16 314 373 616 622 850 912 968 1013 1117 1708 1943 2415 2416 2418 2637 2925
1606 2691
1607 51 1034 1422 2475
1608 2192
1609 1131 1625 1877
1610 1733 1744 3022
1611 2071
1612 2307
1613 690 2058 2727
1614 1975
1615 2646
1616 160 934 1752
1617 52 1034 1724 2211 2475 2926 2927 3014
1618 1864
1619 1044 2323
1620 62 194 304 429 494 541 637 808 1027 1087 1326 1771 1817 1826 2245 2335 2440 2562 2631 2636 2721 2977 3026
1621 530 856
1622 12 150 224
1623 1627 1938
1624 3037 3038
1625 31 43 154 414 661 875 968 1019 1070 1097 1251 1429 1453 1492 1587 1609 1666 1759 1821 1875 1965 2224 2429 2621 2632 2638 2680 2681 2886
1626 1897 2856
1627 1623 1938
1628 2155
1629 1220 2473
1630 451 1422 2621
1631 133
1632 1632
1633 2622
1634 2208 2861 2866
1635 1112 1386
1636 1876
1637 259
1638 951
1639 102
1640 1580 1923 2183
1641 530
1642 2474
1643 3325
1644 453 492 1012 1034 1112 1214 1351 1422 2021 2247 2404 2782
1645 980
1646 1898
1647 147 428 755 773 1112 2626
1648 1288 2266
1649 1805
1650 120 337 2888
1651 487 734 3304
1652 2733
1653 1714
1654 2312
1655 216 434 650 2000 2331 2506 3209
1656 455 1656
1657 2868
1658 1422
1659 1120 1659
1660 405 582
1661 2272
1662 1092 3185
1663 346 1422 2396
1664 3092 3297
1665 468 872 1591 1670 2633
1666 152 414 847 1130 1131 1230 1399 1625 1989 2110 2427 2435
1667 2603 3286
1668 154 894 1008 1415 2399
1669 248 297
1670 10 1665 3256
1671 792 2400
1672 877 1155 1971 2353
1673 3112
1674 1503
1675 1063 2543
1676 471 713 2554 2588 2604
1677 156 1143 1235 1737
1678 28 2316 2631
1679 3295
1680 309
1681 1336
1682 695 727
1683 1836 2220 2448 2449 2450 2451 2452
1684 430 455
1685 3133
1686 114
1687 78 254 969 1992 3220
1688 1914
1689 1258
1690 2221
1691 777
1692 334
1693 582
1694 1241 2486
1695 2037 3090
1696 1760 3114
1697 75
1698 1419 1705 2466 2586
1699 904 1330 2369
1700 385
1701 201 582
1702 136 1711 1774
1703 1010
1704 110 472 541 1551 2269 2332
1705 427 1560 1698 2114 2559
1706 907 2270
1707 667 760 1079 1179
1708 16 314 373 616 622 912 1117 1567 1605 1943 2416 2418 2596 2637 2925
1709 331 1083 2948
1710 87 2112 2215 2918
1711 1702 1774
1712 701
1713 140
1714 1653 1869
1715 784
1716 947
1717 629 2630
1718 208 218 404 438 2433 2703 2705
1719 2589
1720 659 1173
1721 1220 1393 1959 2473 2670 2672
1722 2970
1723 747
1724 529 1198 1214 1422 1617 1958 2253 2542
1725 715 773 2264 2404 2868
1726 1411 2368 2790
1727 1865
1728 352 3193
1729 505 2345
1730 2516 2795
1731 43 237 1275 1943 2230 2443 2774
1732 2033
1733 1123 1610 3305 3306
1734 61 2013
1735 562
1736 138 151 242 468 972 982
1737 1677 2243
1738 672 1156
1739 1274
1740 661 2638
1741 643
1742 2458
1743 2033
1744 1610
1745 37
1746 371 1981 2339 3071
1747 2121 2390
1748 102
1749 1349
1750 581 3321
1751 460 2319
1752 1616
1753 582
1754 999
1755 170 2363
1756 423
1757 630 2319 3030
1758 347 416 464 1417 2217 2253 2527
1759 31 43 136 1429 1625 1918 2621 2622 2633
1760 12 150 1696 3114
1761 1128 2429 2565
1762 1356 1441
1763 1535
1764 533 978
1765 1765
1766 1991 3183
1767 1189 1208 1491 2168
1768 104 541 1964 2745 3274
1769 1308 2767
1770 148 1319 2867
1771 1620 1778
1772 254 1822 1890 2067 2222
1773 343
1774 1702 1711
1775 1873
1776 804
1777 2224
1778 1771 3257
1779 73 497 832 2974
1780 863
1781 2659
1782 269 441 2458
1783 539 697
1784 2231 3205
1785 2346
1786 570
1787 2209
1788 2251
1789 812
1790 621
1791 1196 2055 2819
1792 3265
1793 375
1794 914
1795 859 1483 1821
1796 886
1797 637
1798 2526
1799 1811
1800 2847
1801 1003 1216
1802 189 1044 2174 2323
1803 858
1804 2458
1805 1489 1649
1806 2804 2865
1807 1086
1808 410 473 2202 3011 3249
1809 227 266 500 3249
1810 901 1436 3037
1811 124 1292 1799 1879 2091 2102 3198
1812 243 413 2328
1813 1472 2184 3294
1814 1168 2143
1815 2885
1816 1005
1817 450 1620
1818 615 1072 1992 2030
1819 109
1820 1954
1821 549 1176 1483 1625 1795 2200
1822 33 254 508 784 1363 1772 1822 1903 2180 2222 3006 3107 3194 3220 3271
1823 195 1379 3045
1824 1883
1825 184 1275 2443
1826 1620
1827 3204
1828 443 857 2077 2406
1829 119 1043 1352 2035
1830 522
1831 2264 2377 2626
1832 920 2163
1833 7 108
1834 1422
1835 286 1415 2063 2113 2122
1836 624 670 865 1116 1683 2447 2578
1837 2811
1838 2187
1839 568
1840 523 2348 2349
1841 1193 1372
1842 83 2646
1843 292 398 1251 1583
1844 2460
1845 44 1227 2746
1846 1381 3247
1847 1151 1907 2731
1848 2401
1849 2400
1850 1933
1851 3125
1852 2018
1853 138 347 464 468 847 1009 1064 1429 2488 2527
1854 802 1435
1855 1123 2343
1856 2979
1857 86
1858 602 2031 2543 3035
1859 2221
1860 179 2092
1861 76 2530
1862 2582
1863 942 2368
1864 675 1222 1486 1618 2509
1865 541 674 1307 1727 2283 3046
1866 1016 2081
1867 1468 2351 2357 2358
1868 1186 1218 2729 3068
1869 341 1714
1870 2945
1871 13 2478
1872 2655
1873 1775
1874 293 813 1585
1875 113 435 847 1019 1097 1131 1453 1517 1625 1989 2205 2360 2399 2426 2427 2428
1876 1636
1877 548 880 1609 1973 2196 2401
1878 310 2446 2936
1879 75 322 394 607 1097 1333 1811 1956 1986 2205
1880 3150
1881 1881
1882 1577
1883 557 1824 2678
1884 1428
1885 1373
1886 1886
1887 576 598 2232 2233 2357 2358 2431
1888 2093
1889 329 2516 2751
1890 1772 2222 2628 2884
1891 974 3046
1892 1345
1893 639
1894 13 1097 1105 1167 1493 2052 2584 2648 2710 2711
1895 2383
1896 72 211 218 404 438 518 717 997 1145 1146 1197 1534 2048 2170 2702 2703 2704 2705 2706 2707 2708
1897 1626
1898 1646
1899 2798
1900 3111
1901 1167 2648
1902 717 2703 2976
1903 54 269 906 1822 2420 2493
1904 167 2666
1905 933
1906 2127 3155
1907 226 1241 1847 2005 3125 3232
1908 3301 3302
1909 823
1910 2925 3129
1911 121
1912 28 2080
1913 810
1914 1688
1915 450 544 1253 1532 2302
1916 390 2351
1917 2339 3282
1918 307 361 875 1759 1995 2444 2649 2650 2797
1919 2259
1920 1484
1921 582 637 2316
1922 557
1923 1640 2183
1924 3147
1925 1341 1529
1926 2945
1927 191 2550
1928 279 688 2326
1929 1495
1930 384
1931 898
1932 83 1225 2447 3046
1933 420 1365 1504 1850 2539 3008
1934 2265
1935 640
1936 2974
1937 2069
1938 1623 1627
1939 1102 2447
1940 136 715 2404 2405
1941 2998
1942 23 268
1943 27 289 302 307 314 527 585 616 622 887 965 968 1013 1054 1117 1157 1281 1343 1590 1605 1708 1731 2226 2234 2396 2398 2416 2418 2775 2823
1944 65 506 532 1011 1400 1575 2534 2535
1945 540
1946 2899
1947 753
1948 357 999 1373 2350
1949 959 970 3075 3208
1950 1079
1951 2988
1952 1110
1953 2041 2848
1954 1820
1955 3097
1956 1879 1965 2759 2964
1957 2171
1958 529 1724
1959 1721
1960 67 671
1961 595 755
1962 1371 3031
1963 842
1964 104 1768
1965 450 1251 1625 1956 2488 2886 2964
1966 530
1967 285 582 637 721 2066 2312 2672
1968 230
1969 3307
1970 811 2836 2909
1971 177 577 1030 1448 1672 2062 2354 2373 2479
1972 3245
1973 1430 1877 2799
1974 3313
1975 1614
1976 2827
1977 933
1978 1403
1979 679 1060 2800
1980 2655
1981 371 1193 1260 1369 1746 2340 3020 3071 3312
1982 470
1983 1111 3152
1984 2989
1985 2909
1986 1879 2594 2711
1987 709 2174
1988 2408
1989 1429 1587 1666 1875 2426 2427 3027
1990 1093 2161 2424
1991 209 348 364 1766
1992 91 123 253 455 798 884 1687 1818 2347 2819 3139
1993 1199
1994 165
1995 1918 2089
1996 435 2880
1997 585 1997 2107 2264
1998 572
1999 865 2212 2578
2000 1655 2635
2001 198
2002 2398
2003 161
2004 3143
2005 567 1907 2713 2731
2006 987
2007 3269 3270
2008 2818
2009 58 284 2009
2010 943 3044
2011 439 2076
2012 2746
2013 1443 1734
2014 2172 3088
2015 278 1555
2016 2569
2017 2174 2410
2018 1852
2019 870
2020 483 1445 1585 2510
2021 27 835 887 895 1422 1644 2023 2651
2022 2273 3071 3312
2023 27 229 895 1012 1214 1290 1422 2021 2282 2782
2024 850
2025 304 494 2977
2026 3279
2027 24 2781
2028 429 707 2721
2029 3205
2030 1818
2031 1858 3035
2032 242 1582 2299
2033 1490 1732 1743 2474
2034 11
2035 700 1829
2036 1550
2037 1695 3090
2038 2907
2039 1462
2040 2957
2041 1165 1953 2462 3224
2042 2303
2043 78
2044 2518
2045 2783
2046 984
2047 1422 2991
2048 1896 2710
2049 574
2050 1515 2587 3304
2051 2465
2052 1094 1894 2900
2053 453 1214 1422
2054 1046 1087 1221
2055 1571 1791
2056 3243
2057 25 1130
2058 1287 1613 2727
2059 28 142 1423
2060 1189 1208 1491
2061 366
2062 1030 1971 2062 2378 3160
2063 61 247 548 796 1484 1835 2113 2196 2912
2064 1422 2396
2065 2686 3206
2066 582 637 808 1967 2189 2562
2067 254 266 1411 1543 1772 2222 2499 2732 2733 2790
2068 148 2068
2069 1937
2070 2736
2071 1611
2072 2943
2073 347 1019 2592
2074 114
2075 3077
2076 189 2011
2077 1828
2078 1374 2078
2079 233
2080 135 577 1912 2346 2661 2662
2081 769 1866
2082 1038 2957
2083 250 2106
2084 2197
2085 1002
2086 1159
2087 891
2088 247 1366
2089 79 468 680 1995 2217
2090 2949
2091 1811
2092 1298 1860 2436 2722 3222
2093 1888
2094 2974 2975
2095 1227 2245 2335
2096 2958
2097 213 962 968 993 2435 2564 2774 2829 2925
2098 980
2099 459 757
2100 582
2101 2229
2102 1811
2103 390 2103
2104 938 3276
2105 390 600
2106 2083
2107 1997 2398
2108 487 1021
2109 2906
2110 144 1130 1398 1429 1587 1666
2111 389
2112 1033 1307 1710
2113 61 1484 1835 2063 2912
2114 427 1705 2559
2115 1422 2782 2967
2116 303 586 1422 1599
2117 2892
2118 1344
2119 55 796 2196
2120 3009
2121 1351 1747 2390
2122 115 1835 2399
2123 899
2124 765 1440
2125 2821
2126 626
2127 1906 2841
2128 755 1071 2667 2822
2129 426
2130 103 2130 2478
2131 2131
2132 634 2275 2631 2899
2133 160 934
2134 582 624 2911
2135 3113
2136 914 2505
2137 7 108
2138 1487
2139 1422
2140 22 743 2548
2141 292 2854
2142 1331 2971
2143 1814
2144 2250
2145 903
2146 2500
2147 1429 1587 2421
2148 1011
2149 2789
2150 17
2151 493 2717
2152 1145
2153 465 2345 3202 3294
2154 429 2993 3215
2155 380 1628 3188
2156 1457
2157 370
2158 100 1026
2159 1320 2894 2895
2160 792 2476
2161 1093 1990 2424
2162 2622
2163 526 1469 1832 2547
2164 1327
2165 2561
2166 16 314 616 691 965 968 1013 1117 2204 2416 2418 2637
2167 3131
2168 1767
2169 191 3276
2170 1896 2703
2171 1957
2172 2014
2173 1390
2174 98 241 466 620 709 1264 1359 1576 1802 1987 2017 2413 2439 2509 2861 3138
2175 2307
2176 917 2853
2177 860
2178 861 3240
2179 405 582
2180 1822 3107
2181 492 686 835 1422 2181 2828
2182 693 850 886 1567
2183 1517 1580 1640 1923 2311 2361
2184 1364 1813
2185 48 361 590 2206 2282 3149 3150
2186 1184
2187 1493 1838
2188 1456
2189 92 106 379 637 1087 2066 2740 2776 2921 3017 3215
2190 2207
2191 560
2192 1608
2193 2742
2194 2194
2195 2566
2196 138 242 450 468 930 968 1136 1877 2063 2119 2217 2507 2519 3266
2197 2084
2198 102
2199 677
2200 1821 2435
2201 1502
2202 843 1808 2524
2203 476
2204 413 1567 2166 2596
2205 847 1875 1879
2206 590 2185 2868
2207 2190 2532
2208 1634 3128
2209 863 1787 2554 2555 2604
2210 1239 1472 3153
2211 1232 1617
2212 566 865 1999 2578
2213 739
2214 452 652 3290
2215 87 1461 1710
2216 786
2217 151 273 396 468 796 1417 1758 2089 2196 2519 2633 2645
2218 194 638 923
2219 723 1260 2339
2220 265 319 1536 1683 2447
2221 1690 1859
2222 254 1772 1822 1890 2067
2223 1139
2224 994 1399 1625 1777 2675 2676
2225 578
2226 962 968 1176 1232 1281 1943 2361 2435
2227 321 3080
2228 38 49 148 170 491 682 1561 2228 2363 2364
2229 2101
2230 307 1214 1422 1731 2622 2782 2784 2860
2231 1784
2232 1062 1887
2233 458 1887 2372
2234 965 968 1281 1422 1943 2829
2235 744
2236 481
2237 422 1319 2867 3269
2238 344
2239 1494 2632
2240 1364
2241 718
2242 992
2243 1402 1737
2244 1422 2868
2245 70 1235 1326 1522 1620 2095
2246 1194
2247 887 1644
2248 2285
2249 582 1239
2250 2144 2399
2251 1788 3295
2252 778 853 3231 3232
2253 1724 1758
2254 219 303 388 453 755 1422 3093
2255 2486 3221
2256 665
2257 755 1422 2596 2829 2925
2258 582
2259 332 545 1046 1256 1437 1919 2278 2450
2260 662
2261 777
2262 182 3295
2263 2408
2264 147 428 661 715 773 1725 1831 1997 2638 2942
2265 1934
2266 865 1648
2267 574 1518
2268 909
2269 95 472 541 1551 1704 2332 3274
2270 1706
2271 82 1548 3268
2272 1661
2273 2022
2274 499
2275 421 2132 2899
2276 1348
2277 255 886 2655
2278 2259 2646 3046
2279 2279
2280 1249
2281 2651
2282 27 229 644 887 1012 2023 2185 2829
2283 1865
2284 98 2297
2285 1598 2248
2286 2965
2287 534
2288 2541
2289 2907
2290 617 619
2291 2828
2292 504 624 950 2913 2950
2293 724 1591
2294 2294
2295 450 542
2296 205 783 2646
2297 98 2284
2298 953
2299 151 242 450 468 1582 2032
2300 376 1513
2301 915
2302 544 1915
2303 2042
2304 2528
2305 797 942
2306 1186 3156
2307 1612 2175
2308 2341 2698
2309 791 2334 3167 3168
2310 731
2311 981 1242 2183 2361 2880
2312 28 1654 1967 2401
2313 28 878
2314 28 471 713 2339 2588 2739
2315 28 136
2316 28 80 392 819 923 1311 1678 1921 2383 2547 2673
2317 436
2318 893
2319 630 1751 1757
2320 172 709 1028 2321 2322 3227
2321 620 1557 2320
2322 172 1381 1557 2320
2323 1044 1395 1619 1802 2434
2324 55 2506
2325 593 1213
2326 279 1928
2327 198
2328 1031 1812
2329 716 1031 1180 2613 2614 2682
2330 1011
2331 25 1130 1429 1558 1587 1655 2427
2332 1551 1704 2269
2333 2334
2334 2309 2333 2538
2335 70 1235 1326 1522 1620 2095
2336 1497
2337 762 2430
2338 2339 2340
2339 362 736 815 1049 1419 1746 1917 2219 2314 2338 2463 3071 3282
2340 362 1981 2338
2341 49 2308 2342
2342 66 2341 2878 3045
2343 942 1084 1123 1855
2344 1164
2345 465 1410 1729 2153 2346 2347
2346 1785 2080 2345
2347 1992 2345
2348 282 1163 1224 1840 2349 3040 3041
2349 523 1840 2348
2350 357 1468 1948 2351
2351 357 999 1867 1916 2350 2372
2352 431 696 869 1268 2407
2353 877 1030 1155 1379 1448 1672 2354
2354 1030 1971 2353
2355 2356
2356 486 1202 1570 2355
2357 1867 1887 2358
2358 458 1867 1887 2357 2431 2652
2359 2359
2360 847 1580 1875 2361 2362
2361 434 549 1275 1517 1580 2183 2226 2311 2360 2443 2506 2880
2362 434 1517 1580 2360 2506
2363 881 1540 1755 2228 3164
2364 881 2228
2365 74 3163
2366 78 954 1286 1411 2790 3286
2367 578 1411 2541 2549 2790 3152
2368 374 1411 1726 1863 2790 2943
2369 709 904 1264 1330 1699 2370 2371
2370 69 2369
2371 904 1330 2369 2371 2874
2372 1030 2233 2351 2373 2374 2375
2373 1971 2372
2374 2372
2375 761 781 877 1155 1379 2372
2376 625
2377 816 937 1831
2378 54 2062
2379 946 1584 2380
2380 520 618 1584 2379 2402 2534
2381 1282 1396 2382
2382 1144 2381
2383 1895 2316
2384 583
2385 663 756 2386 2893
2386 2385
2387 1583
2388 38 446 2389
2389 1419 2388
2390 1747 2121
2391 234 582
2392 2393
2393 1297 2392
2394 2395
2395 2394 2460
2396 528 691 1122 1342 1422 1663 1943 2064 2397 2398
2397 2396
2398 237 307 1214 1251 1343 1422 1943 2002 2107 2396 2829 2925
2399 350 1070 1668 1875 2122 2250 2861
2400 567 1000 1326 1545 1671 1849 3089
2401 286 1445 1848 1877 2312 2924 2959
2402 520 2380
2403 1106
2404 147 428 492 661 715 887 1644 1725 1940 2638 2919
2405 147 377 428 661 715 1940 2638
2406 443 857 1299 1828
2407 2352
2408 1988 2263
2409 164
2410 2017
2411 68 829 1505 3273
2412 552 1352
2413 620 2174
2414 81 558 591 1152 2704
2415 16 616 1605 2597
2416 16 373 622 912 962 1567 1605 1708 1943 2166 2490 2597
2417 16 691 2597 2637
2418 16 622 962 1567 1605 1708 1943 2166 2490 2597
2419 986
2420 746 1429 1542 1587 1903 2558
2421 122 827 1429 1587 2147
2422 263 705 1130 1429 1587 2427 2655
2423 1093 2424
2424 1093 1990 2161 2423 2424 2425
2425 1093 2424 3011
2426 816 1875 1989 2426 3027
2427 993 1097 1398 1399 1666 1875 1989 2331 2422 3028
2428 76 1875 2428
2429 414 1625 1761 2565
2430 2337
2431 1887 2358
2432 1547
2433 208 218 1718
2434 189 353 885 976 1044 1222 2323 2434 2654
2435 1176 1422 1666 2097 2200 2226 2488 2564 2882 3074
2436 179 2092
2437 1442
2438 664 1203
2439 620 2174
2440 412 637 1620 2441
2441 2440
2442 177 877 1155 1379 2687
2443 677 985 1015 1731 1825 2361 2444 2506
2444 361 1214 1275 1422 1918 2443 2649 2650
2445 673 2955 2957
2446 1878
2447 582 1836 1932 1939 2220 2448 2449 2450 2451 2452
2448 1683 2447
2449 1683 2447
2450 1683 2259 2447 2646
2451 1683 2447
2452 265 1385 1536 1683 2447
2453 1589 3156
2454 890 2454
2455 49 1253 2861 2866
2456 2457
2457 2456
2458 604 979 988 1742 1782 1804 2459 2460 2461
2459 2458
2460 1844 2395 2458 3142
2461 2458
2462 1165 1585 2041 3224
2463 371 1049 2339
2464 567 642 3120
2465 2051 2465
2466 39 744 1698
2467 877 1155
2468 1588
2469 278 1555 2470
2470 2469
2471 891
2472 1220 2473
2473 1629 1721 2472 2670 2672 2868
2474 12 150 1642 2033
2475 220 453 1012 1034 1112 1214 1422 1607 1617 2782 2829 2925
2476 792 2160
2477 427 536 840 2559
2478 975 1575 1871 2130 2919
2479 781 1971
2480 1261 2480 2481
2481 691 1261 2480 2596 2597
2482 560 1245
2483 695 1251
2484 565
2485 214 1568 2767
2486 567 1694 2255
2487 12 138 150 839 2488 2489
2488 138 755 1853 1965 2435 2487
2489 2487
2490 373 912 1025 1422 2416 2418
2491 2492
2492 78 669 2491 2733 3249
2493 1903
2494 682 1471 2494 2861 2954 3128
2495 649 2646 3046
2496 1107
2497 860 1004 1107 3288 3296
2498 822 1043 3274
2499 370 2067
2500 2146
2501 441 747 960
2502 1511
2503 1069
2504 1069
2505 650 2136
2506 677 1238 1275 1580 1655 2324 2361 2362 2443 2507
2507 136 157 186 450 1009 2196 2506 2520 2598 2883
2508 196
2509 1864 2174 2510 2511 2875
2510 98 1078 1259 2020 2509
2511 98 2509
2512 884 1363
2513 1129 2514
2514 1018 1032 2513 3241
2515 540 654 2911
2516 1730 1889 2517
2517 329 2516 2751
2518 2044
2519 136 395 396 450 744 882 930 2196 2217 2718 2719 2720
2520 136 847 1429 2507
2521 15
2522 1112 2523
2523 2522 2523
2524 473 2202 3249
2525 51 2525
2526 1798
2527 347 1064 1202 1758 1853 2633
2528 50 1349 2304
2529 50 971 1263
2530 76 1861 2530
2531 584 1039 1170
2532 1082 2207
2533 415
2534 1944 2380 2837
2535 1944
2536 588 668
2537 588 1255
2538 2334 2642
2539 463 1933
2540 463
2541 2288 2367 2541 3152
2542 1724
2543 958 1063 1675 1858
2544 1137
2545 889 2799
2546 152
2547 920 2163 2316
2548 2140 2549
2549 2367 2548 3152
2550 1927 2551
2551 254 843 2550 2579
2552 1119 1577
2553 1381
2554 471 713 1676 2209 2555
2555 2209 2554 2604
2556 586
2557 70 991
2558 683 1542 2420 3193
2559 840 1560 1705 2114 2477
2560 777 1447
2561 543 2165 2949
2562 637 808 1620 2066
2563 2563
2564 237 627 807 941 968 1219 2097 2435 2665
2565 414 1492 1761 2429
2566 2195
2567 906
2568 906
2569 2016 3250
2570 57 2831
2571 99 170
2572 97 902 1201
2573 525 1143 2574 2575
2574 648 2573
2575 648 2573
2576 2576
2577 525 681 705
2578 624 670 924 1335 1836 1999 2212
2579 253 690 843 949 2551
2580 336 561 1180 1366 2580 2581 2848 3025
2581 336 1180 1366 2580 2848 3025
2582 1862
2583 170 2583 2866
2584 409 535 1583 1894
2585 303 549 755 1190 1214 1422 2782 2828
2586 744 1698 3138
2587 2050
2588 471 713 1676 2314
2589 998 1021 1719 3066
2590 935
2591 821
2592 847 2073
2593 1056
2594 394 1333 1986
2595 641 1080
2596 314 616 622 850 968 1117 1708 2204 2257 2481 2597 2598 2599
2597 16 314 340 616 622 691 931 1013 2415 2416 2417 2418 2481 2596 2625
2598 136 2507 2596
2599 2596 3300
2600 2600
2601 1271 1302 1461
2602 1102
2603 613 1441 1667 2669
2604 713 1676 2209 2555
2605 611 620 1028
2606 774 1449 2606
2607 1311
2608 1027 2609
2609 56 2608
2610 531 2611 2612
2611 2610
2612 1210 1335 2610
2613 247 2329 2614
2614 2329 2613 3292
2615 216 2812
2616 817
2617 2618
2618 329 2617
2619 188 227 254 266
2620 854
2621 1131 1625 1630 1759
2622 10 131 268 395 468 755 1251 1422 1591 1633 1759 2162 2230 2782 2830
2623 2624
2624 483 2623
2625 40 147 428 2597 2650
2626 147 428 773 1054 1112 1439 1647 1831 3054
2627 1279 2628
2628 1279 1890 2627
2629 1320
2630 629 1717
2631 421 1620 1678 2132 2899 3009
2632 43 492 627 968 1625 2239 2649 2650 2651
2633 43 347 770 847 930 968 1064 1665 1759 2217 2527
2634 222 1392
2635 2000 3024
2636 95 1620
2637 314 622 1117 1567 1605 1708 2166 2417 3164
2638 180 351 1096 1439 1625 1740 2264 2404 2405 2639 2640 2641
2639 180 351 661 2638
2640 661 2638 2641
2641 661 2638 2640
2642 338 1227 2538
2643 106 155 247 1180 1183 2776
2644 76 312 1457
2645 416 768 1417 2217
2646 319 516 540 649 771 819 1472 1615 1842 2278 2296 2450 2495 2911 3017 3018
2647 517 648
2648 1097 1894 1901
2649 361 1214 1422 1918 2444 2632 2650
2650 361 755 1214 1422 1918 2444 2625 2632 2649
2651 302 1422 2021 2281 2632 2827 2828
2652 498 2358
2653 1539 3291
2654 1120 2434 2654
2655 42 263 444 886 1476 1567 1872 1980 2277 2422
2656 951
2657 1052 2863
2658 109
2659 109 1781
2660 917 2853 3255
2661 2080
2662 2080
2663 755 1422
2664 755 1422 2991
2665 755 2564 2784
2666 755 1904
2667 453 755 807 941 1219 2128 2786
2668 748 1422 2846
2669 1441 2603
2670 1220 1721 2473 2671 2672 2673
2671 2670
2672 1220 1721 1967 2473 2670
2673 83 615 2316 2670 3284
2674 286
2675 994 1399 2224
2676 307 2224
2677 114
2678 1883
2679 176 795 2750
2680 1131 1308 1568 1625
2681 627 1012 1131 1422 1625 2886
2682 2329
2683 721 1135
2684 1222
2685 2686
2686 2065 2685 3132
2687 177 2442
2688 2689
2689 2688
2690 2691
2691 533 1606 2690
2692 865
2693 873
2694 1456 2695
2695 2694
2696 179 2697
2697 2696
2698 2308 2698
2699 977
2700 1601
2701 290 967
2702 1896 2703
2703 208 218 404 438 997 1035 1152 1534 1718 1896 1902 2170 2702 2703 2705 2706 2966 2976
2704 591 1463 1896 2414
2705 208 404 438 1718 1896 2703 2706 2966
2706 208 404 438 1896 2703 2705 2966
2707 1896
2708 908 1569 1896
2709 1023 1313
2710 1894 2048
2711 13 394 1167 1333 1894 1986
2712 826 1493
2713 226 2005 3232
2714 1161 2715
2715 1480 2714
2716 160
2717 2151
2718 413 468 2519 2720
2719 413 468 2519
2720 413 2519 2718
2721 541 1620 2028
2722 704 1254 2092 2723
2723 2722
2724 2724
2725 1277
2726 1170 2727
2727 711 1111 1613 2058 2726
2728 1130
2729 26 222 689 1435 1868 2730
2730 567 1435 2729 2898
2731 1847 2005 3232
2732 254 508 1543 2067 2733
2733 254 1652 2067 2492 2732
2734 142 819 1002 1455
2735 161
2736 451 953 1440 2070 3034
2737 2738
2738 1409 1448 2737
2739 401 856 2314 2740 2741
2740 2189 2739
2741 2739
2742 2193
2743 2744
2744 2743
2745 541 703 1768
2746 1845 2012
2747 726 2748
2748 2747
2749 260 1119
2750 176 2679
2751 1889 2517
2752 485 1052
2753 639
2754 1159
2755 1159
2756 1391
2757 1106
2758 1339
2759 1956
2760 349
2761 2762 2763
2762 1006 2761 2999
2763 300 2761
2764 2765
2765 272 2764
2766 1568
2767 378 1138 1568 1769 2485
2768 886
2769 886
2770 813 1585
2771 670 813 1585
2772 2773 3272
2773 214 2772 2928 3272
2774 968 993 1301 1731 2097 2829 2925 2968
2775 993 1301 1943 2829 2925
2776 106 155 1246 2189 2643
2777 1332
2778 973
2779 1211 1384 1585 2780
2780 1075 1211 2779
2781 2027
2782 27 137 220 229 246 307 453 549 586 807 835 887 895 937 941 968 1034 1214 1219 1238 1290 1343 1480 1644 2023 2115 2230 2475 2585 2622 2783 2784 2785 2786
2783 1015 1422 2045 2782
2784 453 1214 1422 2230 2665 2782
2785 229 1012 1422 2782
2786 453 1214 2667 2782
2787 524 2788
2788 2787 2938
2789 339 552 2149
2790 374 1286 1401 1726 2067 2366 2367 2368
2791 695
2792 695
2793 94 1192
2794 1173 2795
2795 1730 2794
2796 1173
2797 875 1257 1918
2798 1899
2799 603 889 1973 2545
2800 1979
2801 2802
2802 2801
2803 170 311
2804 165 1806 2805
2805 2804 2908
2806 2807
2807 2806
2808 387
2809 514
2810 514
2811 1447 1837
2812 441 1354 2615
2813 1158
2814 1410 2815
2815 228 300 411 1410 2814
2816 1004 1324
2817 1324
2818 2008
2819 1033 1170 1791 1992
2820 1112 1422 2925 3324
2821 1422 2125
2822 1071 1422 2128
2823 1422 1943
2824 1214 1422 3308
2825 1262 1422
2826 59 1214 1422
2827 510 675 686 1422 1976 2651
2828 51 454 835 1190 1422 2181 2291 2585 2651 2842 3000
2829 433 528 962 965 968 993 1071 1157 1343 1422 2097 2234 2257 2282 2398 2475 2774 2775 2967 2968
2830 1205 1422 2622 2859
2831 2570
2832 1465 2833
2833 2832
2834 507
2835 212 783 2836 3076 3274
2836 212 1970 2835
2837 783 2534
2838 29
2839 887
2840 541 582 587
2841 2127
2842 200 2828 2843
2843 200 2842
2844 430 504 670
2845 624 777 924
2846 2668
2847 1800
2848 247 561 876 1078 1180 1600 1953 2580 2581
2849 2850
2850 2849
2851 2852
2852 2851
2853 296 1036 1226 2176 2660
2854 292 2141
2855 101 825 1340
2856 1626
2857 222 1392 3212
2858 490
2859 887 1230 2830
2860 1214 2230
2861 241 402 1091 1346 1395 1414 1471 1634 2174 2399 2455 2494
2862 616
2863 851 929 2657 2864
2864 2863
2865 1806
2866 609 874 1355 1395 1634 2455 2583 2984
2867 217 422 1603 1770 2237
2868 590 607 1220 1657 1725 2206 2244 2473 2869 2870
2869 2868
2870 2868
2871 1104
2872 2873
2873 2872
2874 864 1091 1346 2371 2874
2875 675 2509
2876 2876
2877 1040 1208
2878 2342
2879 1055
2880 1580 1996 2311 2361
2881 2881
2882 968 2435
2883 186 2507
2884 1125 1890
2885 1815
2886 1625 1965 2681
2887 396
2888 1650
2889 608 2890
2890 2889
2891 445 486 1115
2892 2117
2893 85 2385
2894 2159 3144
2895 1544 2159
2896 2897
2897 1259 2896
2898 567 1435 2730
2899 70 203 550 634 927 1068 1094 1135 1946 2132 2275 2631 2899 2900 2901 2902 2903
2900 194 1353 2052 2899
2901 2899
2902 2899
2903 2899
2904 2905
2905 2904 3175
2906 946 2109
2907 1378 2038 2289
2908 2805
2909 167 998 1970 1985
2910 540 610
2911 442 540 610 649 923 1103 2134 2515 2646 3017 3046 3317
2912 1484 2063 2113
2913 2292
2914 2915
2915 2914
2916 2917
2917 2916
2918 1461 1710
2919 1 158 1097 1358 1575 1587 2404 2478
2920 582 860 1004 3296
2921 332 582 745 2189
2922 437 635
2923 754 1215
2924 2401
2925 153 373 622 912 993 1010 1034 1117 1427 1567 1605 1708 1910 2097 2257 2398 2475 2774 2775 2820 2967
2926 1232 1617 2927
2927 706 1112 1533 1617 2926
2928 214 702 2773
2929 305
2930 308
2931 316 637 2952
2932 316
2933 1 1097 2933
2934 2935
2935 2934
2936 310 1878 2937
2937 310 2936
2938 524 2788
2939 93 690
2940 656 1287
2941 175
2942 240 2264
2943 2072 2368
2944 1244
2945 782 1595 1870 1926
2946 183 2946
2947 1367 2960
2948 331 690 1709
2949 2090 2561 3011
2950 582 2292 2951 2952
2951 2950
2952 2931 2950
2953 1088
2954 1471 2494
2955 76 381 1185 1457 2445 2956 2957
2956 1457 2955
2957 2040 2082 2445 2955
2958 1175 2096
2959 2401 3025
2960 758 1182 2947
2961 685
2962 320
2963 812
2964 768 1473 1956 1965
2965 694 2286
2966 208 404 438 2703 2705 2706
2967 968 2115 2829 2925 2968
2968 1153 2774 2829 2967
2969 903
2970 257 1722
2971 2142
2972 1458
2973 465 582 3009
2974 497 1779 1936 2094 2975
2975 497 2094 2974
2976 81 558 717 1902 2703
2977 637 729 1620 2025
2978 259 1262
2979 230 1856
2980 681 2981
2981 2980
2982 952
2983 432
2984 313 1264 1355 1395 2866 2994
2985 730 2986
2986 730 2985
2987 730
2988 1951
2989 389 1984 2989 2990
2990 2989
2991 1122 2047 2664
2992 60
2993 234 2154 3215
2994 49 491 2984
2995 391
2996 2997
2997 2996
2998 1941
2999 1006 2762
3000 2828
3001 1507
3002 336
3003 3004 3005
3004 3003
3005 3003
3006 354 1822
3007 690 3249
3008 1933
3009 32 70 203 550 2120 2631 2973
3010 550 1162
3011 1808 2425 2949
3012 228
3013 965
3014 965 1112 1617
3015 1316
3016 945
3017 83 455 582 921 2189 2646 2911 3046
3018 83 923 2646
3019 803 3159
3020 1981
3021 1067 1189 1305
3022 1610
3023 568
3024 2635
3025 561 876 1180 1600 2580 2581 2959
3026 790 921 1545 1620
3027 1989 2426
3028 746 2427
3029 80 359
3030 460 835 1757 3263
3031 1962
3032 1524
3033 1126
3034 1440 2736
3035 958 1858 2031
3036 741 1066 3203
3037 901 1428 1624 1810 3038
3038 1382 1624 3037
3039 610 638
3040 2348
3041 2348
3042 1115
3043 1389
3044 1554 2010
3045 1042 1823 2342 3187
3046 83 294 476 478 540 649 819 1256 1472 1865 1891 1932 2278 2495 2911 3017
3047 440 541 1303
3048 541 564
3049 541 1572 3050
3050 541 3049
3051 194 1094 3207
3052 194 1384
3053 1143
3054 2626
3055 474
3056 474 1509
3057 3058 3059
3058 3057 3059
3059 3057 3058
3060 911
3061 295
3062 1563
3063 831
3064 1433 1524
3065 1433
3066 1021 2589 3067
3067 3066
3068 1218 1868
3069 1083
3070 161
3071 371 1369 1746 1981 2022 2339
3072 918 3080
3073 213 962
3074 2435
3075 959 1949
3076 205 212 783 2835
3077 2075
3078 1153
3079 1153
3080 20 918 1583 2227 3072 3081
3081 3080
3082 3082
3083 321
3084 156
3085 326
3086 968
3087 101 204
3088 2014
3089 2400
3090 1695 2037 3091
3091 3090
3092 1664
3093 219 303 2254
3094 1314 3095
3095 3094
3096 589
3097 1955
3098 1229
3099 582 649 923
3100 1541
3101 667
3102 711 3267
3103 711 3267
3104 1604
3105 479
3106 410 3107
3107 190 722 1822 2180 3106
3108 954 1191 3109 3110
3109 3108
3110 3108
3111 1900
3112 1673
3113 2135
3114 1696 1760
3115 3116
3116 324 996 3115
3117 1252 1571 3118
3118 1252 1571 3117
3119 1252 1571
3120 1000 2464
3121 145
3122 3122
3123 3123
3124 245
3125 1310 1851 1907
3126 3127
3127 3126
3128 439 603 1471 2208 2494
3129 1349 1910
3130 47
3131 47 2167
3132 2686 3193
3133 118 119 672 1156 1685 3134
3134 132 205 3133
3135 1499 3136
3136 3135
3137 121
3138 466 1412 2174 2586
3139 1085 1992 3244
3140 666
3141 1127
3142 2460
3143 2004
3144 66 955 2894 3145
3145 3144
3146 519 3147 3148
3147 1924 3146
3148 582 3146
3149 2185
3150 1880 2185
3151 1341
3152 1983 2367 2541 2549
3153 569 624 1426 2210
3154 951
3155 1906
3156 88 356 482 708 2306 2453
3157 1026
3158 963
3159 3019
3160 2062
3161 101
3162 1328
3163 424 2365
3164 2363 2637
3165 3166
3166 3165
3167 2309
3168 2309
3169 1523 3172
3170 1523
3171 1523 3172
3172 1523 3169 3171 3173
3173 3172
3174 597 1143
3175 2905
3176 789 3177
3177 3176
3178 3179
3179 3178
3180 1306 3181
3181 1306 3180
3182 163
3183 210 1766
3184 190 325 330
3185 403 1092 1662
3186 303
3187 3045
3188 380 2155
3189 245
3190 3190
3191 596
3192 601
3193 33 107 168 372 746 846 1143 1186 1244 1728 2558 3132 3194 3195 3196 3197 3210
3194 1822 3193
3195 3193
3196 3193
3197 33 3193
3198 1811
3199 1529
3200 655 687 3201
3201 655 3200
3202 2153
3203 225 245 1066 3036 3204
3204 225 245 1066 1827 3203 3204
3205 1784 2029
3206 330 2065
3207 1135 3051
3208 1949
3209 1655
3210 3193
3211 1113
3212 1392 2857
3213 506
3214 640
3215 1052 1239 2154 2189 2993
3216 582
3217 582
3218 582
3219 3 1237
3220 1687 1822
3221 308 567 689 1310 2255
3222 2092
3223 778
3224 2041 2462
3225 873
3226 1519
3227 1557 2320 3227
3228 269 486 1115 3236
3229 1321
3230 239 1321 3254
3231 2252
3232 1907 2252 2713 2731
3233 935
3234 269
3235 269
3236 269 3228
3237 46 1047
3238 277
3239 866
3240 2178
3241 738 1018 1032 1129 1586 2514
3242 268 1581
3243 2056
3244 1085 3139
3245 1972
3246 1313 1462
3247 1846
3248 508
3249 227 254 266 500 1808 1809 2492 2524 3007
3250 2569
3251 22 938
3252 283 1045 1596 3253
3253 1045 1596 3252
3254 767 3230
3255 2660
3256 1670 3281
3257 412 1778
3258 636
3259 1133
3260 3260
3261 673 1293
3262 788
3263 460 3030
3264 1475
3265 205 212 1792
3266 2196
3267 3102 3103
3268 1548 2271
3269 2007 2237
3270 2007
3271 1822
3272 378 482 1589 2772 2773
3273 1082 1266 1505 2411
3274 95 110 405 472 541 1043 1551 1768 2269 2498 2835
3275 744
3276 482 2104 2169
3277 90
3278 185
3279 2026
3280 1194
3281 3256
3282 1917 2339
3283 837
3284 2673
3285 2
3286 374 447 1286 1667 2366 3287
3287 3286
3288 2497
3289 344
3290 2214
3291 2653
3292 2614
3293 352
3294 1410 1813 2153
3295 475 1679 2251 2262
3296 342 860 2497 2920
3297 1664
3298 266
3299 83 515
3300 2599
3301 1908 3302
3302 1908 3301
3303 1073
3304 734 1651 2050
3305 1733
3306 1733
3307 1969
3308 19 1451 2824
3309 41
3310 116
3311 717
3312 1981 2022
3313 1974
3314 998
3315 645
3316 1181
3317 2911
3318 83
3319 3320
3320 3319
3321 1750
3322 3323
3323 3322
3324 131 268 2820
3325 1643
3326 33
