0 628
1 158 486 1097 2919 2933
2 3285
3 1431 3219
4 467
5 648
6 1501
7 1833 2137
8 178 1033
9 1007
10 1670 2622
11 2034
12 113 557 677 794 839 966 1097 1357 1622 1760 2474 2487
13 1167 1493 1871 1894 2711
14 146 1248
15 2521
16 314 616 622 1013 1422 1567 1605 1708 2166 2415 2416 2417 2418 2597
17 879 2150
18 582 778 812
19 1338 1451 3308
20 3080
21 1073
22 726 2140 3251
23 1942
24 1227 2027
25 2057 2331
26 222 2729
27 229 755 1012 1290 1422 1943 2021 2023 2282 2782
28 28 135 1447 1578 1678 1912 2059 2312 2313 2314 2315 2316
29 1422 2838
30 532 1422
31 136 1131 1625 1759
32 118 3009
33 824 1822 3193 3197 3326
34 75
35 89
36 763
37 1745
38 2228 2388
39 1412 2466
40 631 2625
41 606 1059 3309
42 2655
43 136 887 1096 1238 1429 1625 1731 1759 2632 2633
44 1227 1845
45 939
46 3237
47 820 1098 1388 3130 3131
48 2185
49 1253 1510 2228 2341 2455 2994
50 2528 2529
51 453 493 1034 1214 1422 1607 2525 2828
52 274 1617
53 61
54 728 1903 2378
55 186 2119 2324
56 1027 2609
57 487 2570
58 284 740 742 1416 2009
59 931 962 968 1214 1290 1422 2826
60 793 916 2992
61 1443 1514 1734 2063 2113
62 1620
63 1053
64 1431
65 1944
66 1062 2342 3144
67 1960
68 2411
69 157 1178 2370
70 808 1474 2245 2335 2557 2899 3009
71 328 660
72 1896
73 497 832 1779
74 2365
75 1300 1697 1879
76 1132 1861 2428 2530 2644 2955
77 1222
78 1687 2043 2366 2492
79 298 2089
80 359 2316 3029
81 558 591 1145 1527 2414 2976
82 2271
83 540 584 649 654 923 1077 1225 1383 1842 1932 2673 3017 3018 3046 3299 3318
84 582 653
85 2893
86 1488 1857
87 1710 2215
88 3156
89
90 118 3277
91 1992
92 582 2189
93 2939
94 1192 2793
95 110 822 928 2269 2636 3274
96 119 132 339 1322
97 902 1201 2572
98 353 386 936 1078 1406 2174 2284 2297 2510 2511
99 157 1015 2571
100 100 1026 2158
101 825 1325 1340 1434 2855 3087 3161
102 1016 1639 1748 2198
103 2130
104 1768 1964
105 976
106 155 1366 2189 2643 2776
107 3193
108 1833 2137
109 1454 1819 2658 2659
110 472 541 1551 1704 3274
111 251
112 1249
113 150 1533 1875
114 553 1419 1538 1686 2074 2677
115 880 2122
116 3310
117 367
118 3133
119 132 1829 3133
120 337 1650
121 1911 3137
122 827 2421
123 1992
124 124 1811
125 831
126 204
127 143
128 1041
129 1240
130 582 1004
131 935 2622 3324
132 779 1322 1329 3134
133 1631
134 874
135 1566 2080
136 1561 1702 1759 1940 2315 2507 2519 2520 2598
137 755 1034 1422 2782
138 468 680 1097 1131 1736 1853 2196 2487 2488
139 602 958
140 1713
141 1036
142 1002 1200 1455 2059 2734
143
144 847 1130 1429 2110
145 3121
146 1248
147 1350 1439 1647 2264 2404 2405 2625 2626
148 1770 2068 2228
149 364
150 557 677 966 1097 1357 1622 1760 2474 2487
151 930 1736 2217 2299
152 1429 1666 2546
153 396 744 755 2925
154 450 1112 1131 1625 1668
155 155 922 2643 2776
156 942 1334 1677 3084
157 1178 2507
158 1097 2919
159 465
160 926 934 1616 2133 2716
161 2003 2735 3070
162 1070
163 3182
164 2409
165 944 1994 2804
166 667
167 1904 2909
168 3193
169 247 929
170 491 881 1755 2228 2571 2583 2803
171 425
172 1557 2320 2322
173 519
174 1289
175 2941
176 2679 2750
177 1971 2442 2687
178 1033
179 1298 1860 2436 2696
180 351 661 2638 2639
181 1262 1422
182 2262
183 2946
184 1825
185 3278
186 2507 2883
187 199
188 2619
189 1802 2076 2434
190 325 3107 3184
191 1927 2169
192 192
193 572
194 397 1522 1620 2218 2900 3051 3052
195 1407 1823
196 2508
197 715 755
198 1453 2001 2327
199
200 2842 2843
201 1701
202 1594
203 1094 2899 3009
204 1434 3087
205 212 783 854 2296 3076 3134 3265
206 772
207 270
208 218 404 438 997 1534 1718 2433 2703 2705 2706 2966
209 1991
210 3183
211 1444 1896
212 783 2835 2836 3076 3265
213 528 2097 3073
214 2485 2773 2928
215 582
216 695 1655 2615
217 1319 1603 2867
218 1482 1718 1896 2433 2703
219 2254 3093
220 755 968 1034 1214 1422 2475 2782
221 1097
222 567 1392 2634 2729 2857
223 223
224 1622
225 741 1066 1528 3203 3204
226 1907 2713
227 843 1809 2619 3249
228 300 411 1233 1531 2815 3012
229 307 492 887 895 1230 2023 2282 2782 2785
230 356 1968 2979
231 875
232 252 333
233 2079
234 582 2391 2993
235 256
236 618 1582
237 585 1731 2398 2564
238 735
239 767 1321 3230
240 2942
241 603 936 1414 2174 2861
242 796 1582 1736 2032 2196 2299
243 931 1812
244 906
245 1066 3124 3189 3203 3204
246 1422 2782
247 1217 1265 2063 2088 2613 2643 2848
248 297 1669
249 906
250 825 2083
251
252
253 843 1992 2579
254 266 1543 1687 1772 1822 2067 2222 2551 2619 2732 2733 3249
255 2277
256
257 720 2970
258 962
259 1637 2978
260 2749
261 288
262 1597
263 525 737 886 2422 2655
264 1267
265 1536 2220 2452
266 672 1156 1809 2067 2619 3249 3298
267 749 1259
268 1942 2622 3242 3324
269 1782 1903 3228 3234 3235 3236
270
271 1266
272 450 2765
273 416 468 768 1417 2217
274
275 710 1297
276 276
277 3238
278 2015 2469
279 279 688 1928 2326
280 1296 1563
281 646
282 1163 2348
283 1596 3252
284 284 2009
285 1418 1967
286 1466 1835 2401 2674
287 1011
288 1361
289 1422 1943
290 2701
291 873
292 594 1843 2141 2854
293 1585 1874
294 540 3046
295 3061
296 2853
297 513 1669
298 468
299 1057 1134
300 1410 1531 2763 2815
301 1204
302 302 962 1943 2651
303 493 719 937 1190 1343 1422 1480 2116 2254 2585 3093 3186
304 637 1620 2025
305 2929
306 1368
307 585 1230 1290 1918 1943 2230 2398 2676 2782
308 2930 3221
309 1680
310 1878 2936 2937
311 413 1253 2803
312 2644
313 964 2984
314 373 622 912 1422 1567 1605 1708 1943 2166 2596 2597 2637
315 1124
316 777 2931 2932
317 411
318 717
319 1536 2220 2646
320 2962
321 2227 3083
322 1879
323 697
324 3116
325 3184
326 984 3085
327 1382
328 660
329 1889 2517 2618
330 3184 3206
331 1083 1278 1709 2948
332 2259 2921
333 777
334 1692
335 723 1088
336 561 876 1180 1600 2580 2581 3002
337 1650
338 1227 2642
339 472 2789
340 1050 2597
341 1869
342 678 3296
343 1773
344 2238 3289
345 1452
346 1663
347 1202 1758 1853 2073 2527 2633
348 399 1991
349 2760
350 2399
351 661 1112 2638 2639
352 1728 3293
353 2434
354 3006
355 1121
356 3156
357 1948 2350 2351
358 358
359 3029
360 477
361 1918 2185 2444 2649 2650
362 2339 2340
363 800
364 399 1991
365 630 1150
366 2061
367
368 1199
369 580
370 2157 2499
371 1369 1423 1746 1981 2463 3071
372 3193
373 373 616 912 1117 1605 1708 2416 2490 2925
374 1411 2368 2790 3286
375 1793
376 2300
377 715 2405
378 2767 3272
379 582 2189
380 2155 3188
381 1457 2955
382 696
383 989 1033
384 1930
385 1700
386
387 2808
388 2254
389 2111 2989
390 871 1916 2103 2105
391 2995
392 2316
393 566
394 1879 2594 2711
395 2519 2622
396 468 930 2217 2519 2887
397 1522
398 1251 1843
399 957
400 400 862
401 2739
402 603 1414 2861
403 3185
404 1534 1718 1896 2703 2705 2706 2966
405 582 1660 2179 3274
406 1296
407 1364
408 637
409 1341 1529 2584
410 1808 3106
411 1033 1335 1410 2815
412 2440 3257
413 805 1812 2204 2718 2719 2720
414 1128 1625 1666 2429 2565
415 2533
416 1758 2645
417 915 1335
418 1207
419 476 1004
420 1933
421 1135 1162 2275 2631
422 2237 2867
423 1756
424 3163
425
426 2129
427 840 1560 1705 2114 2477
428 773 1439 1647 2264 2404 2405 2625 2626
429 541 1620 2028 2154
430 1684 2844
431 869 1174 1268 2352
432 2983
433 2829
434 549 1655 2361 2362
435 1019 1875 1996
436 2317
437 2922
438 1718 1896 2703 2705 2706 2966
439 2011 3128
440 3047
441 1782 2501 2812
442 2911
443 857 1828 2406
444 1301 2655
445 509 2891
446 2388
447 1184 3286
448 888 1090
449 1543
450 542 882 1020 1532 1561 1817 1915 1965 2196 2295 2299 2507 2519
451 1630 2736
452 2214
453 807 835 887 941 1009 1034 1214 1219 1422 1599 1644 2053 2254 2475 2667 2782 2784 2786
454 2828
455 1656 1684 1992 3017
456 1592
457 1438
458 2233 2358
459 2099
460 992 1751 3030 3263
461 1508
462 476
463 2539 2540
464 1758 1853
465 2153 2345 2973
466 936 2174 3138
467
468 680 768 930 968 982 1097 1251 1362 1473 1665 1736 1853 2089 2196 2217 2299 2622 2718 2719
469 1101 1478
470 1982
471 1676 2314 2554 2588
472 541 703 780 1704 2269 3274
473 843 1808 2524
474 3055 3056
475 3295
476 1247 2203 3046
477
478 3046
479 3105
480 571
481 2236
482 830 833 1076 3156 3272 3276
483 1585 2020 2624
484 1210 1531
485 1052 2752
486 486 509 1097 1115 1202 1362 1570 2356 2891 3228
487 734 837 1140 1651 2108
488 667
489 582
490 1394 2858
491 881 2228 2994
492 755 1012 1034 1422 1644 2181 2404 2632
493 1214 2151
494 637 1620 2025
495 1262 1422
496 861
497 1779 2974 2975
498 2652
499 886 2274
500 1809 3249
501 1011 1575
502 517
503 1529
504 624 2292 2844
505 1729
506 1583 1944 3213
507 2834
508 1822 2732 3248
509 1362 1570
510 2827
511 625
512 620
513
514 2809 2810
515 1383 1498 3299
516 2646
517 1215 1583 2647
518 1896
519 519 3146
520 2380 2402
521 964
522 1830
523 1840 2349
524 1537 2787 2938
525 648 705 2573 2577
526 920 2163
527 1422 1943
528 962 1422 2396 2829
529 1724 1958
530 664 1017 1621 1641 1966
531 2610
532 1944
533 1764 2691
534 2287
535 641 946 2584
536 2477
537 650 836
538 632 1506
539 1783
540 555 911 923 1945 2515 2646 2910 2911 3046
541 703 809 822 928 1464 1477 1620 1704 1768 1865 2269 2721 2745 2840 3047 3048 3049 3050 3274
542 1020 2295
543 2561
544 1915 2302
545 1046 2259
546 546
547 582 819
548 851 1877 2063
549 755 1422 1821 2361 2585 2782
550 2899 3009 3010
551 749 1259
552 2412 2789
553
554 799
555
556 969
557 725 1883 1922
558 591 1145 2414 2976
559 1013 1097 1570
560 2191 2482
561 1180 1366 2580 2848 3025
562 1586 1735
563 582
564 1477 3048
565 904 1264 1330 2484
566 698 2212
567 1435 2005 2400 2464 2486 2730 2898 3221
568 1839 3023
569 624 3153
570 1786
571 571
572 1024 1998
573 624 670 1478
574 1109 1518 2049 2267
575 620
576 1887
577 1027 1971 2080
578 2225 2367
579 1410 1531
580
581 1750
582 587 637 647 653 676 790 879 1002 1004 1170 1200 1387 1410 1516 1525 1660 1693 1701 1753 1921 1967 2066 2100 2134 2179 2249 2258 2391 2447 2840 2920 2921 2950 2973 3017 3099 3148 3216 3217 3218
583 2384
584 1039 2531
585 1214 1422 1943 1997
586 1214 1422 2116 2556 2782
587 2840
588 828 1255 1275 2536 2537
589 3096
590 2185 2206 2868
591 1145 1527 2414 2704
592 592
593 2325
594
595 618 878 1447 1961
596 3191
597 3174
598 1887
599 1259
600 1001 2105
601 3192
602 958 1858
603 1471 2799 3128
604 692 2458
605 859
606
607 1879 2868
608 608 2889
609 684 2866
610 1116 2910 2911 3039
611 620 2605
612 1316
613 2603
614 849
615 1818 2673
616 622 755 931 1422 1567 1605 1708 1943 2166 2415 2596 2597 2862
617 2290
618 2380
619 2290
620 709 2174 2321 2413 2439 2605
621 1790
622 912 1013 1117 1605 1708 1943 2416 2418 2596 2597 2637 2925
623 632 1506
624 777 865 915 1272 1318 1335 1836 2134 2292 2578 2845 3153
625 2376
626 626 2126
627 755 2564 2632 2681
628
629 1460 1717 2630
630 1757 2319
631
632
633 1422 1470
634 1162 2132 2899
635 2922
636 3258
637 808 1620 1797 1921 1967 2066 2189 2440 2562 2931 2977
638 2218 3039
639 1893 2753
640 1935 3214
641 825 1080 1447 2595
642 1000 2464
643 1741
644 2282
645 3315
646
647
648 651 1143 2574 2575 2647
649 2495 2646 2911 3046 3099
650 1655 2505
651
652 2214
653
654 2515
655 687 3200 3201
656 2940
657 658
658
659 1720
660 1481
661 1096 1439 1625 1740 2264 2404 2405 2639 2640 2641
662 2260
663 2385
664 1026 1203 2438
665 2256
666 1491 3140
667 760 1099 1179 1187 1243 1530 1555 1707 3101
668 1294 2536
669 2492
670 865 924 974 1311 1472 1565 1836 2578 2771 2844
671 1960
672 1738 3133
673 1293 2445 3261
674 1865
675 1864 2827 2875
676
677 985 1275 2199 2443 2506
678
679 1979
680 2089
681 2577 2980
682 881 1471 2228 2494
683 2558
684
685 2961
686 2181 2827
687 3200
688 1928
689 2729 3221
690 1613 2579 2939 2948 3007
691 931 968 1567 2166 2396 2417 2481 2597
692
693 2182
694 2965
695 1682 2483 2791 2792
696 869 1236 2352
697 1783
698 1004
699 1347
700 2035
701 1712
702 2928
703 2745
704 2722
705 2422 2577
706 800 2927
707 2028
708 3156
709 936 1424 1471 1557 1987 2174 2320 2369
710 1159
711 2727 3102 3103
712 1177
713 1676 2314 2554 2588 2604
714 1083
715 1725 1940 2264 2404 2405
716 1125 1366 2329
717 1896 1902 2976 3311
718 2241
719 755 1190
720
721 1485 1967 2683
722 1334 3107
723 1088 2219
724 2293
725 966
726 2747
727 1682
728
729 2977
730 2985 2986 2987
731 2310
732 1250
733 1296
734 1651 3304
735
736 2339
737 1460
738 3241
739 2213
740 742 1416
741 3036
742 1380
743 2140
744 2235 2466 2519 2586 3275
745 2921
746 2420 3028 3193
747 747 803 960 1723 2501
748 2668
749 1195 1259
750 1065
751 1446 1447
752 1204
753 1947
754 2923
755 887 912 1009 1013 1647 1961 2128 2254 2257 2488 2585 2622 2650 2663 2664 2665 2666 2667
756 2385
757 1420 2099
758 2960
759 1512
760 1707
761 2375
762 2337
763
764 1424
765 2124
766 1037
767 1321 3254
768 2645 2964
769 1016 2081
770 1202 1591 2633
771 1103 1256 2646
772 1296 1331 1546
773 1647 1725 2264 2626
774 1562 2606
775 775 1376 1422
776 781 1030
777 1691 2261 2560 2845
778 2252 3223
779 932
780
781 2375 2479
782 2945
783 2296 2835 2837 3076
784 1715 1822
785 1397
786 2216
787 1413
788 3262
789 3176
790 1000 1545 3026
791 2309
792 1671 2160 2476
793 916
794 1041 1357
795 2679
796 930 968 2063 2119 2217
797 2305
798 1992
799 1422
800
801 1391
802 1573 1854
803 803 990 3019
804 1776
805 986
806 1537
807 1214 1422 2564 2667 2782
808 1620 2066 2562
809
810 1913
811 1970
812 1437 1789 2963
813 1585 1874 2770 2771
814 908
815 2339
816 2377 2426
817 2616
818 1202
819 1200 1247 2316 2646 2734 3046
820
821 2591
822 1043 2498
823 1909
824
825 1080 1574 2855
826 2712
827 2421
828 828 1255
829 1082 1505 2411
830
831 3063
832 1779
833
834 834
835 1422 2021 2181 2782 2828 3030
836
837 3283
838 838
839 1357 2487
840 2477 2559
841 1459
842 842 1963
843 2202 2551 2579
844 1154
845 845
846 3193
847 1398 1517 1666 1853 1875 2205 2360 2520 2592 2633
848 848
849
850 886 1605 2024 2182 2596
851 2863
852 1304
853 2252
854 1521 2620
855 983
856 1621 2739
857 1828 2406
858 1803
859 1795
860 1004 2177 2497 2920 3296
861 1171 2178
862
863 1780 2209
864 904 1330 1346 2874
865 924 1335 1836 1999 2212 2266 2692
866 3239
867 1173
868 897
869 2352
870 2019
871
872 1665
873 2693 3225
874 2866
875 1131 1257 1625 1918 2797
876 1366 2848 3025
877 940 1379 1672 2353 2375 2442 2467
878 2313
879
880 1877
881 2363 2364
882 2519
883 1496
884 1172 1992 2512
885 2434
886 1567 1796 2182 2277 2655 2768 2769
887 1012 1034 1112 1214 1351 1422 1943 2021 2247 2282 2404 2782 2839 2859
888
889 1430 2545 2799
890 2454
891 1108 2087 2471
892 892
893 2318
894 1070 1668
895 1012 1290 2021 2023 2782
896 1081
897
898 1931
899 2123
900 1072
901 1436 1810 3037
902 902 1201 2572
903 2145 2969
904 1699 2369 2371
905 1484
906 1903 2567 2568
907 1706
908 1569 2708
909 2268
910 910
911 3060
912 1117 1605 1708 2416 2490 2925
913 913
914 914 1794 2136
915 2301
916
917 1036 2176 2660
918 3072 3080
919 1425
920 1469 1832 2547
921 1280 3017 3026
922 1087 1246
923 1170 2218 2316 2911 3018 3099
924 2578 2845
925 995
926 934
927 1135 2899
928 1326
929 2863
930 2196 2519 2633
931 1025 1117 2597
932
933 1905 1977
934 1616 2133
935 2590 3233
936
937 2377 2782
938 2104 3251
939
940 1155
941 1214 1422 2564 2667 2782
942 1863 2305 2343
943 1554 2010
944
945 3016
946 1584 2379 2906
947 1716
948 1114
949 2579
950 2292
951 1638 2656 3154
952 2982
953 1440 2298 2736
954 2366 3108
955 3144
956 1022 1461
957
958 2543 3035
959 1949 3075
960 2501
961 1405
962 1422 2097 2226 2416 2418 2829 3073
963 3158
964
965 1112 1157 1301 1422 1567 1943 2166 2234 2829 3013 3014
966
967 2701
968 1157 1214 1422 1567 1605 1625 1943 2097 2166 2196 2226 2234 2564 2596 2632 2633 2774 2782 2829 2882 2967 3086
969 1687
970 1949
971 2529
972 1736
973 2778
974 1891
975 1295 2478
976 2434
977 2699
978 1422 1764
979 2458
980 1645 2098
981 2311
982 1130 1591 1736
983
984 2046
985 1275 2443
986 2419
987 2006
988 2458
989 1033
990 1207 1223
991 1474 2557
992 1421 2242
993 2097 2427 2774 2775 2829 2925
994 2224 2675
995
996 3116
997 1035 1896 2703
998 1315 1515 2589 2909 3314
999 1754 1948 2351
1000 1545 2400 3120
1001 1001 1119 1577
1002 1200 2085 2734
1003 1801
1004 2497 2816 2920
1005 1816
1006 2762 2999
1007 1208
1008 1668
1009 1422 1853 2507
1010 1703 2925
1011 1583 1944 2148 2330
1012 1034 1214 1644 2023 2282 2475 2681 2785
1013 1422 1567 1605 1943 2166 2597
1014 1014
1015 1275 1422 2443 2783
1016 1866
1017
1018 1032 2514 3241
1019 1625 1875 2073
1020
1021 1188 2108 2589 3066
1022 1302 1461
1023 1493 2709
1024
1025 2490
1026 2158 3157
1027 1620 2608
1028 1557 2320 2605
1029 1564
1030 1971 2062 2353 2354 2372
1031 1125 2328 2329
1032 2514 3241
1033 1234 1426 2112 2819
1034 1214 1230 1422 1607 1617 1644 2475 2782 2925
1035 1051 1152 1206 1534 2703
1036 2853
1037
1038 2082
1039 1170 2531
1040 2877
1041 1357
1042 3045
1043 1829 2498 3274
1044 1264 1395 1619 1802 2323 2434
1045 1596 3252 3253
1046 2054 2259
1047 3237
1048 1143
1049 2339 2463
1050
1051
1052 1239 2657 2752 3215
1053
1054 1214 1943 2626
1055 2879
1056 2593
1057
1058 1366
1059 1337
1060 1979
1061 1061
1062 2232
1063 1675 2543
1064 1202 1853 2527 2633
1065 1065
1066 3036 3203 3204
1067 3021
1068 2899
1069 2503 2504
1070 1625 2399
1071 1422 2128 2822 2829
1072 1309 1818
1073 3303
1074 1095
1075 2780
1076 1589
1077 1077
1078 1259 2510 2848
1079 1555 1707 1950
1080 1340 1348 2595
1081
1082 2532 3273
1083 1709 3069
1084 1123 2343
1085 3139 3244
1086 1807
1087 1239 1620 2054 2189
1088 2953
1089 1400
1090
1091 1471 2861 2874
1092 1579 1662 3185
1093 1990 2161 2423 2424 2425
1094 2052 2899 3051
1095
1096 2638
1097 1429 1467 1625 1875 1879 1894 2427 2648 2919 2933
1098
1099 1530
1100 1526
1101
1102 1939 2602
1103 1116 2911
1104 2871
1105 1167 1894
1106 2403 2757
1107 2496 2497
1108
1109 1518
1110 1952
1111 1983 2727
1112 1251 1480 1635 1644 1647 2475 2522 2626 2820 2927 3014
1113 3211
1114
1115 2891 3042 3228
1116 1836
1117 1117 1422 1567 1605 1708 1943 2166 2596 2637 2925
1118 1194
1119 1577 2552 2749
1120 1659 2654
1121
1122 2396 2991
1123 1733 1855 2343
1124
1125 1125 2884
1126 3033
1127 3141
1128 1761
1129 2513 3241
1130 1429 1591 1666 2057 2110 2331 2422 2728
1131 1251 1609 1666 1875 2621 2680 2681
1132
1133 3259
1134
1135 1485 2683 2899 3207
1136 2196
1137 2544
1138 2767
1139 2223
1140
1141 1241
1142 1217
1143 1677 2573 3053 3174 3193
1144 1282 1396 1556 2382
1145 1896 2152
1146 1896
1147 1449
1148 1148
1149 1404
1150
1151 1847
1152 2414 2703
1153 2968 3078 3079
1154
1155 1379 1672 2353 2375 2442 2467
1156 1738 3133
1157 1281 1422 1943 2829
1158 2813
1159 2086 2754 2755
1160 1432
1161 2714
1162 3010
1163 2348
1164 2344
1165 2041 2462
1166 1166
1167 1493 1894 1901 2711
1168 1814
1169 1209
1170 1225 2531 2726 2819
1171 1171
1172 1363
1173 1720 2794 2796
1174
1175 2958
1176 1821 2226 2435
1177 1177
1178
1179 1707
1180 1366 1600 2329 2580 2581 2643 2848 3025
1181 3316
1182 2960
1183 1366 1600 2643
1184 2186
1185 2955
1186 1868 2306 3193
1187
1188
1189 1767 2060 3021
1190 2585 2828
1191 3108
1192 2793
1193 1841 1981
1194 2246 3280
1195
1196 1791
1197 1896
1198 1724
1199 1993
1200
1201 2572
1202 1570 2356 2527
1203 2438
1204
1205 1212 2830
1206
1207
1208 1767 2060 2877
1209
1210 1531 2612
1211 1211 1585 2779 2780
1212 1473
1213 2325
1214 1219 1230 1290 1480 1644 1724 2023 2053 2230 2398 2444 2475 2585 2649 2650 2782 2784 2786 2824 2826 2860
1215 2923
1216 1801
1217
1218 1868 3068
1219 1422 2564 2667 2782
1220 1629 1721 2472 2670 2672 2868
1221 2054
1222 1864 2434 2684
1223
1224 2348
1225 1932
1226 2853
1227 1845 2095 2642
1228 1317
1229 3098
1230 1290 1666 2859
1231 1390 1586
1232 2211 2226 2926
1233
1234
1235 1677 2245 2335
1236
1237 1431 1553 3219
1238 1422 2506 2782
1239 1265 2210 2249 3215
1240
1241 1694 1907
1242 2311
1243
1244 2944 3193
1245 1245 2482
1246 2776
1247
1248 1248
1249 2280
1250
1251 1422 1625 1843 1965 2398 2483 2622
1252 3117 3118 3119
1253 1328 1510 1915 2455
1254 2722
1255 2537
1256 2259 3046
1257 2797
1258 1689
1259 2510 2897
1260 1981 2219
1261 2480 2481
1262 2825 2978
1263 2529
1264 2174 2369 2984
1265
1266 3273
1267
1268 2352
1269 1269
1270 1270
1271 1302 1461 2601
1272
1273 1422
1274 1739
1275 1731 1825 2361 2444 2506
1276 1291
1277 2725
1278
1279 2627 2628
1280
1281 1943 2226 2234
1282 2381
1283 1370
1284 1312
1285 1523
1286 1411 1543 2366 2790 3286
1287 2058 2940
1288 1648
1289
1290 2023 2782
1291
1292 1811
1293 3261
1294
1295
1296 1585
1297 2393
1298 2092
1299 2406
1300
1301 2774 2775
1302 1461 2601
1303 3047
1304
1305 3021
1306 3180 3181
1307 1865 2112
1308 1769 2680
1309
1310 3125 3221
1311 2316 2607
1312
1313 1462 2709 3246
1314 3094
1315
1316 3015
1317
1318
1319 1603 1770 2237
1320 2159 2629
1321 3229 3230
1322
1323 1323
1324 1410 1449 1562 2816 2817
1325
1326 1408 1620 2245 2335 2400
1327 2164
1328 3162
1329
1330 1699 2369 2371
1331 2142
1332 2777
1333 1879 2594 2711
1334
1335 2578 2612
1336 1681
1337
1338
1339 2758
1340 2855
1341 1925 3151
1342 2396
1343 1422 1427 1943 2398 2782 2829
1344 2118
1345 1892
1346 2861 2874
1347
1348 1574 2276
1349 1749 2528 3129
1350 1399
1351 1644 2121
1352 1829 2412
1353 2900
1354 2812
1355 2866 2984
1356 1762
1357
1358 2919
1359 2174
1360 1360
1361
1362
1363 1822 2512
1364 2184 2240
1365 1504 1933
1366 2088 2580 2581
1367 2947
1368
1369 1981 3071
1370
1371 1962
1372 1841
1373 1885 1948
1374 2078
1375 1375
1376
1377 1438
1378 2907
1379 1823 2353 2375 2442
1380 1416
1381 1846 2322 2553
1382 3038
1383
1384 2779 3052
1385 2452
1386 1635
1387
1388
1389 3043
1390 2173
1391 2756
1392 2634 2857 3212
1393 1721
1394
1395 2323 2861 2866 2984
1396 2381
1397
1398 1429 2110 2427
1399 1429 1587 1666 2224 2427 2675
1400 1944
1401 1411 2790
1402 2243
1403 1978
1404 1404
1405
1406 1406
1407 1407
1408
1409 2738
1410 1531 2345 2814 2815 3294
1411 1726 2067 2366 2367 2368
1412 3138
1413
1414 1422 2861
1415 1668 1835
1416
1417 1758 2217 2645
1418
1419 1698 2339 2389
1420
1421
1422 1470 1582 1590 1607 1630 1644 1658 1663 1724 1834 2021 2023 2047 2053 2064 2115 2116 2139 2181 2230 2234 2244 2254 2257 2396 2398 2435 2444 2475 2490 2585 2622 2649 2650 2651 2663 2664 2668 2681 2783 2784 2785 2820 2821 2822 2823 2824 2825 2826 2827 2828 2829 2830
1423 2059
1424
1425
1426 3153
1427 2925
1428 1884 3037
1429 1625 1759 1853 1989 2110 2147 2331 2420 2421 2422 2520
1430 1973
1431
1432
1433 3064 3065
1434
1435 1854 2729 2730 2898
1436 1810
1437 2259
1438
1439 2626 2638
1440 2124 2736 3034
1441 1762 2603 2669
1442 2437
1443 2013
1444
1445 2020 2401
1446 1574
1447 2560 2811
1448 1971 2353 2738
1449 2606
1450 1505
1451 3308
1452
1453 1625 1875
1454
1455 2734
1456 2188 2694
1457 2156 2644 2955 2956
1458 2972
1459 1459
1460
1461 2215 2601 2918
1462 2039 3246
1463 2704
1464 1551
1465 2832
1466
1467
1468 1867 2350
1469 2163
1470
1471 2494 2861 2954 3128
1472 1813 2210 2646 3046
1473 2964
1474
1475 3264
1476 2655
1477
1478
1479 1479
1480 2715 2782
1481
1482
1483 1795 1821
1484 1920 2063 2113 2912
1485
1486 1864
1487 1491 2138
1488
1489 1805
1490 2033
1491 1767 2060
1492 1625 2565
1493 1894 2187 2712
1494 2239
1495 1929
1496
1497 2336
1498
1499 3135
1500 1500
1501
1502 2201
1503 1503 1674
1504 1933
1505 2411 3273
1506
1507 3001
1508
1509 3056
1510
1511 2502
1512
1513 2300
1514
1515 2050
1516
1517 1580 1875 2183 2361 2362
1518 1518 2267
1519 3226
1520 1520
1521
1522 2245 2335
1523 3169 3170 3171 3172
1524 3032 3064
1525
1526
1527
1528
1529 1925 3199
1530
1531
1532 1915
1533 2927
1534 1896 2703
1535 1763
1536 1536 2220 2452
1537
1538
1539 2653
1540 2363
1541 3100
1542 2420 2558
1543 2067 2732
1544 2895
1545 2400 3026
1546
1547 2432
1548 2271 3268
1549 1549
1550 2036
1551 1704 2269 2332 3274
1552 1552
1553
1554 3044
1555 2015 2469
1556
1557 2321 2322 3227
1558 2331
1559 1593
1560 1705 2559
1561 2228
1562
1563 3062
1564
1565
1566
1567 1708 2182 2204 2416 2418 2637 2655 2925
1568 2485 2680 2766 2767
1569 2708
1570 2356
1571 2055 3117 3118 3119
1572 3049
1573
1574
1575 1944 2478 2919
1576 2174
1577 1882 2552
1578
1579
1580 1640 2183 2360 2361 2362 2506 2880
1581 3242
1582 2032 2299
1583 1843 2387 2584 3080
1584 2379 2380
1585 1874 2020 2462 2770 2771 2779
1586 3241
1587 1625 1989 2110 2147 2331 2420 2421 2422 2919
1588 2468
1589 2453 3272
1590 1943
1591 1665 2293 2622
1592
1593
1594
1595 2945
1596 3252 3253
1597
1598 2285
1599 2116
1600 2848 3025
1601 2700
1602 1602
1603 2867
1604 3104
1605 1708 1943 2415 2416 2418 2637 2925
1606 2691
1607 2475
1608 2192
1609 1625 1877
1610 1733 1744 3022
1611 2071
1612 2307
1613 2058 2727
1614 1975
1615 2646
1616 1752
1617 1724 2211 2475 2926 2927 3014
1618 1864
1619 2323
1620 1771 1817 1826 2245 2335 2440 2562 2631 2636 2721 2977 3026
1621
1622
1623 1627 1938
1624 3037 3038
1625 1666 1759 1821 1875 1965 2224 2429 2621 2632 2638 2680 2681 2886
1626 1897 2856
1627 1938
1628 2155
1629 2473
1630 2621
1631
1632 1632
1633 2622
1634 2208 2861 2866
1635
1636 1876
1637
1638
1639
1640 1923 2183
1641
1642 2474
1643 3325
1644 2021 2247 2404 2782
1645
1646 1898
1647 2626
1648 2266
1649 1805
1650 2888
1651 3304
1652 2733
1653 1714
1654 2312
1655 2000 2331 2506 3209
1656 1656
1657 2868
1658
1659 1659
1660
1661 2272
1662 3185
1663 2396
1664 3092 3297
1665 1670 2633
1666 1989 2110 2427 2435
1667 2603 3286
1668 2399
1669
1670 3256
1671 2400
1672 1971 2353
1673 3112
1674
1675 2543
1676 2554 2588 2604
1677 1737
1678 2316 2631
1679 3295
1680
1681
1682
1683 1836 2220 2448 2449 2450 2451 2452
1684
1685 3133
1686
1687 1992 3220
1688 1914
1689
1690 2221
1691
1692
1693
1694 2486
1695 2037 3090
1696 1760 3114
1697
1698 1705 2466 2586
1699 2369
1700
1701
1702 1711 1774
1703
1704 2269 2332
1705 2114 2559
1706 2270
1707
1708 1943 2416 2418 2596 2637 2925
1709 2948
1710 2112 2215 2918
1711 1774
1712
1713
1714 1869
1715
1716
1717 2630
1718 2433 2703 2705
1719 2589
1720
1721 1959 2473 2670 2672
1722 2970
1723
1724 1958 2253 2542
1725 2264 2404 2868
1726 2368 2790
1727 1865
1728 3193
1729 2345
1730 2516 2795
1731 1943 2230 2443 2774
1732 2033
1733 3305 3306
1734 2013
1735
1736
1737 2243
1738
1739
1740 2638
1741
1742 2458
1743 2033
1744
1745
1746 1981 2339 3071
1747 2121 2390
1748
1749
1750 3321
1751 2319
1752
1753
1754
1755 2363
1756
1757 2319 3030
1758 2217 2253 2527
1759 1918 2621 2622 2633
1760 3114
1761 2429 2565
1762
1763
1764
1765 1765
1766 1991 3183
1767 2168
1768 1964 2745 3274
1769 2767
1770 2867
1771 1778
1772 1822 1890 2067 2222
1773
1774
1775 1873
1776
1777 2224
1778 3257
1779 2974
1780
1781 2659
1782 2458
1783
1784 2231 3205
1785 2346
1786
1787 2209
1788 2251
1789
1790
1791 2055 2819
1792 3265
1793
1794
1795 1821
1796
1797
1798 2526
1799 1811
1800 2847
1801
1802 2174 2323
1803
1804 2458
1805
1806 2804 2865
1807
1808 2202 3011 3249
1809 3249
1810 3037
1811 1879 2091 2102 3198
1812 2328
1813 2184 3294
1814 2143
1815 2885
1816
1817
1818 1992 2030
1819
1820 1954
1821 2200
1822 1822 1903 2180 2222 3006 3107 3194 3220 3271
1823 3045
1824 1883
1825 2443
1826
1827 3204
1828 2077 2406
1829 2035
1830
1831 2264 2377 2626
1832 2163
1833
1834
1835 2063 2113 2122
1836 2447 2578
1837 2811
1838 2187
1839
1840 2348 2349
1841
1842 2646
1843
1844 2460
1845 2746
1846 3247
1847 1907 2731
1848 2401
1849 2400
1850 1933
1851 3125
1852 2018
1853 2488 2527
1854
1855 2343
1856 2979
1857
1858 2031 2543 3035
1859 2221
1860 2092
1861 2530
1862 2582
1863 2368
1864 2509
1865 2283 3046
1866 2081
1867 2351 2357 2358
1868 2729 3068
1869
1870 2945
1871 2478
1872 2655
1873
1874
1875 1989 2205 2360 2399 2426 2427 2428
1876
1877 1973 2196 2401
1878 2446 2936
1879 1956 1986 2205
1880 3150
1881 1881
1882
1883 2678
1884
1885
1886 1886
1887 2232 2233 2357 2358 2431
1888 2093
1889 2516 2751
1890 2222 2628 2884
1891 3046
1892
1893
1894 2052 2584 2648 2710 2711
1895 2383
1896 2048 2170 2702 2703 2704 2705 2706 2707 2708
1897
1898
1899 2798
1900 3111
1901 2648
1902 2703 2976
1903 2420 2493
1904 2666
1905
1906 2127 3155
1907 2005 3125 3232
1908 3301 3302
1909
1910 2925 3129
1911
1912 2080
1913
1914
1915 2302
1916 2351
1917 2339 3282
1918 1995 2444 2649 2650 2797
1919 2259
1920
1921 2316
1922
1923 2183
1924 3147
1925
1926 2945
1927 2550
1928 2326
1929
1930
1931
1932 2447 3046
1933 2539 3008
1934 2265
1935
1936 2974
1937 2069
1938
1939 2447
1940 2404 2405
1941 2998
1942
1943 2226 2234 2396 2398 2416 2418 2775 2823
1944 2534 2535
1945
1946 2899
1947
1948 2350
1949 3075 3208
1950
1951 2988
1952
1953 2041 2848
1954
1955 3097
1956 1965 2759 2964
1957 2171
1958
1959
1960
1961
1962 3031
1963
1964
1965 2488 2886 2964
1966
1967 2066 2312 2672
1968
1969 3307
1970 2836 2909
1971 2062 2354 2373 2479
1972 3245
1973 2799
1974 3313
1975
1976 2827
1977
1978
1979 2800
1980 2655
1981 2340 3020 3071 3312
1982
1983 3152
1984 2989
1985 2909
1986 2594 2711
1987 2174
1988 2408
1989 2426 2427 3027
1990 2161 2424
1991
1992 2347 2819 3139
1993
1994
1995 2089
1996 2880
1997 1997 2107 2264
1998
1999 2212 2578
2000 2635
2001
2002 2398
2003
2004 3143
2005 2713 2731
2006
2007 3269 3270
2008 2818
2009 2009
2010 3044
2011 2076
2012 2746
2013
2014 2172 3088
2015
2016 2569
2017 2174 2410
2018
2019
2020 2510
2021 2023 2651
2022 2273 3071 3312
2023 2282 2782
2024
2025 2977
2026 3279
2027 2781
2028 2721
2029 3205
2030
2031 3035
2032 2299
2033 2474
2034
2035
2036
2037 3090
2038 2907
2039
2040 2957
2041 2462 3224
2042 2303
2043
2044 2518
2045 2783
2046
2047 2991
2048 2710
2049
2050 2587 3304
2051 2465
2052 2900
2053
2054
2055
2056 3243
2057
2058 2727
2059
2060
2061
2062 2062 2378 3160
2063 2113 2196 2912
2064 2396
2065 2686 3206
2066 2189 2562
2067 2222 2499 2732 2733 2790
2068 2068
2069
2070 2736
2071
2072 2943
2073 2592
2074
2075 3077
2076
2077
2078 2078
2079
2080 2346 2661 2662
2081
2082 2957
2083 2106
2084 2197
2085
2086
2087
2088
2089 2217
2090 2949
2091
2092 2436 2722 3222
2093
2094 2974 2975
2095 2245 2335
2096 2958
2097 2435 2564 2774 2829 2925
2098
2099
2100
2101 2229
2102
2103 2103
2104 3276
2105
2106
2107 2398
2108
2109 2906
2110
2111
2112
2113 2912
2114 2559
2115 2782 2967
2116
2117 2892
2118
2119 2196
2120 3009
2121 2390
2122 2399
2123
2124
2125 2821
2126
2127 2841
2128 2667 2822
2129
2130 2130 2478
2131 2131
2132 2275 2631 2899
2133
2134 2911
2135 3113
2136 2505
2137
2138
2139
2140 2548
2141 2854
2142 2971
2143
2144 2250
2145
2146 2500
2147 2421
2148
2149 2789
2150
2151 2717
2152
2153 2345 3202 3294
2154 2993 3215
2155 3188
2156
2157
2158
2159 2894 2895
2160 2476
2161 2424
2162 2622
2163 2547
2164
2165 2561
2166 2204 2416 2418 2637
2167 3131
2168
2169 3276
2170 2703
2171
2172
2173
2174 2413 2439 2509 2861 3138
2175 2307
2176 2853
2177
2178 3240
2179
2180 3107
2181 2181 2828
2182
2183 2311 2361
2184
2185 2206 2282 3149 3150
2186
2187
2188
2189 2740 2776 2921 3017 3215
2190 2207
2191
2192
2193 2742
2194 2194
2195 2566
2196 2217 2507 2519 3266
2197
2198
2199
2200 2435
2201
2202 2524
2203
2204 2596
2205
2206 2868
2207 2532
2208 3128
2209 2554 2555 2604
2210 3153
2211
2212 2578
2213
2214 3290
2215
2216
2217 2519 2633 2645
2218
2219 2339
2220 2447
2221
2222
2223
2224 2675 2676
2225
2226 2361 2435
2227 3080
2228 2228 2363 2364
2229
2230 2622 2782 2784 2860
2231
2232
2233 2372
2234 2829
2235
2236
2237 2867 3269
2238
2239 2632
2240
2241
2242
2243
2244 2868
2245
2246
2247
2248 2285
2249
2250 2399
2251 3295
2252 3231 3232
2253
2254 3093
2255 2486 3221
2256
2257 2596 2829 2925
2258
2259 2278 2450
2260
2261
2262 3295
2263 2408
2264 2638 2942
2265
2266
2267
2268
2269 2332 3274
2270
2271 3268
2272
2273
2274
2275 2899
2276
2277 2655
2278 2646 3046
2279 2279
2280
2281 2651
2282 2829
2283
2284 2297
2285
2286 2965
2287
2288 2541
2289 2907
2290
2291 2828
2292 2913 2950
2293
2294 2294
2295
2296 2646
2297
2298
2299
2300
2301
2302
2303
2304 2528
2305
2306 3156
2307
2308 2341 2698
2309 2334 3167 3168
2310
2311 2361 2880
2312 2401
2313
2314 2339 2588 2739
2315
2316 2383 2547 2673
2317
2318
2319
2320 2321 2322 3227
2321
2322
2323 2434
2324 2506
2325
2326
2327
2328
2329 2613 2614 2682
2330
2331 2427
2332
2333 2334
2334 2538
2335
2336
2337 2430
2338 2339 2340
2339 2463 3071 3282
2340
2341 2342
2342 2878 3045
2343
2344
2345 2346 2347
2346
2347
2348 2349 3040 3041
2349
2350 2351
2351 2372
2352 2407
2353 2354
2354
2355 2356
2356
2357 2358
2358 2431 2652
2359 2359
2360 2361 2362
2361 2443 2506 2880
2362 2506
2363 3164
2364
2365 3163
2366 2790 3286
2367 2541 2549 2790 3152
2368 2790 2943
2369 2370 2371
2370
2371 2371 2874
2372 2373 2374 2375
2373
2374
2375
2376
2377
2378
2379 2380
2380 2402 2534
2381 2382
2382
2383
2384
2385 2386 2893
2386
2387
2388 2389
2389
2390
2391
2392 2393
2393
2394 2395
2395 2460
2396 2397 2398
2397
2398 2829 2925
2399 2861
2400 3089
2401 2924 2959
2402
2403
2404 2638 2919
2405 2638
2406
2407
2408
2409
2410
2411 3273
2412
2413
2414 2704
2415 2597
2416 2490 2597
2417 2597 2637
2418 2490 2597
2419
2420 2558
2421
2422 2427 2655
2423 2424
2424 2424 2425
2425 3011
2426 2426 3027
2427 3028
2428 2428
2429 2565
2430
2431
2432
2433
2434 2434 2654
2435 2488 2564 2882 3074
2436
2437
2438
2439
2440 2441
2441
2442 2687
2443 2444 2506
2444 2649 2650
2445 2955 2957
2446
2447 2448 2449 2450 2451 2452
2448
2449
2450 2646
2451
2452
2453 3156
2454 2454
2455 2861 2866
2456 2457
2457
2458 2459 2460 2461
2459
2460 3142
2461
2462 3224
2463
2464 3120
2465 2465
2466
2467
2468
2469 2470
2470
2471
2472 2473
2473 2670 2672 2868
2474
2475 2782 2829 2925
2476
2477 2559
2478 2919
2479
2480 2480 2481
2481 2596 2597
2482
2483
2484
2485 2767
2486
2487 2488 2489
2488
2489
2490
2491 2492
2492 2733 3249
2493
2494 2494 2861 2954 3128
2495 2646 3046
2496
2497 3288 3296
2498 3274
2499
2500
2501
2502
2503
2504
2505
2506 2507
2507 2520 2598 2883
2508
2509 2510 2511 2875
2510
2511
2512
2513 2514
2514 3241
2515 2911
2516 2517
2517 2751
2518
2519 2718 2719 2720
2520
2521
2522 2523
2523 2523
2524 3249
2525 2525
2526
2527 2633
2528
2529
2530 2530
2531
2532
2533
2534 2837
2535
2536
2537
2538 2642
2539
2540
2541 2541 3152
2542
2543
2544
2545 2799
2546
2547
2548 2549
2549 3152
2550 2551
2551 2579
2552
2553
2554 2555
2555 2604
2556
2557
2558 3193
2559
2560
2561 2949
2562
2563 2563
2564 2665
2565
2566
2567
2568
2569 3250
2570 2831
2571
2572
2573 2574 2575
2574
2575
2576 2576
2577
2578
2579
2580 2580 2581 2848 3025
2581 2848 3025
2582
2583 2583 2866
2584
2585 2782 2828
2586 3138
2587
2588
2589 3066
2590
2591
2592
2593
2594
2595
2596 2597 2598 2599
2597 2625
2598
2599 3300
2600 2600
2601
2602
2603 2669
2604
2605
2606 2606
2607
2608 2609
2609
2610 2611 2612
2611
2612
2613 2614
2614 3292
2615 2812
2616
2617 2618
2618
2619
2620
2621
2622 2782 2830
2623 2624
2624
2625 2650
2626 3054
2627 2628
2628
2629
2630
2631 2899 3009
2632 2649 2650 2651
2633
2634
2635 3024
2636
2637 3164
2638 2639 2640 2641
2639
2640 2641
2641
2642
2643 2776
2644
2645
2646 2911 3017 3018
2647
2648
2649 2650
2650
2651 2827 2828
2652
2653 3291
2654 2654
2655
2656
2657 2863
2658
2659
2660 2853 3255
2661
2662
2663
2664 2991
2665 2784
2666
2667 2786
2668 2846
2669
2670 2671 2672 2673
2671
2672
2673 3284
2674
2675
2676
2677
2678
2679 2750
2680
2681 2886
2682
2683
2684
2685 2686
2686 3132
2687
2688 2689
2689
2690 2691
2691
2692
2693
2694 2695
2695
2696 2697
2697
2698 2698
2699
2700
2701
2702 2703
2703 2703 2705 2706 2966 2976
2704
2705 2706 2966
2706 2966
2707
2708
2709
2710
2711
2712
2713 3232
2714 2715
2715
2716
2717
2718 2720
2719
2720
2721
2722 2723
2723
2724 2724
2725
2726 2727
2727
2728
2729 2730
2730 2898
2731 3232
2732 2733
2733
2734
2735
2736 3034
2737 2738
2738
2739 2740 2741
2740
2741
2742
2743 2744
2744
2745
2746
2747 2748
2748
2749
2750
2751
2752
2753
2754
2755
2756
2757
2758
2759
2760
2761 2762 2763
2762 2999
2763
2764 2765
2765
2766
2767
2768
2769
2770
2771
2772 2773 3272
2773 2928 3272
2774 2829 2925 2968
2775 2829 2925
2776
2777
2778
2779 2780
2780
2781
2782 2783 2784 2785 2786
2783
2784
2785
2786
2787 2788
2788 2938
2789
2790
2791
2792
2793
2794 2795
2795
2796
2797
2798
2799
2800
2801 2802
2802
2803
2804 2805
2805 2908
2806 2807
2807
2808
2809
2810
2811
2812
2813
2814 2815
2815
2816
2817
2818
2819
2820 2925 3324
2821
2822
2823
2824 3308
2825
2826
2827
2828 2842 3000
2829 2967 2968
2830 2859
2831
2832 2833
2833
2834
2835 2836 3076 3274
2836
2837
2838
2839
2840
2841
2842 2843
2843
2844
2845
2846
2847
2848
2849 2850
2850
2851 2852
2852
2853
2854
2855
2856
2857 3212
2858
2859
2860
2861
2862
2863 2864
2864
2865
2866 2984
2867
2868 2869 2870
2869
2870
2871
2872 2873
2873
2874 2874
2875
2876 2876
2877
2878
2879
2880
2881 2881
2882
2883
2884
2885
2886
2887
2888
2889 2890
2890
2891
2892
2893
2894 3144
2895
2896 2897
2897
2898
2899 2899 2900 2901 2902 2903
2900
2901
2902
2903
2904 2905
2905 3175
2906
2907
2908
2909
2910
2911 3017 3046 3317
2912
2913
2914 2915
2915
2916 2917
2917
2918
2919
2920 3296
2921
2922
2923
2924
2925 2967
2926 2927
2927
2928
2929
2930
2931 2952
2932
2933 2933
2934 2935
2935
2936 2937
2937
2938
2939
2940
2941
2942
2943
2944
2945
2946 2946
2947 2960
2948
2949 3011
2950 2951 2952
2951
2952
2953
2954
2955 2956 2957
2956
2957
2958
2959 3025
2960
2961
2962
2963
2964
2965
2966
2967 2968
2968
2969
2970
2971
2972
2973 3009
2974 2975
2975
2976
2977
2978
2979
2980 2981
2981
2982
2983
2984 2994
2985 2986
2986
2987
2988
2989 2989 2990
2990
2991
2992
2993 3215
2994
2995
2996 2997
2997
2998
2999
3000
3001
3002
3003 3004 3005
3004
3005
3006
3007 3249
3008
3009
3010
3011
3012
3013
3014
3015
3016
3017 3046
3018
3019 3159
3020
3021
3022
3023
3024
3025
3026
3027
3028
3029
3030 3263
3031
3032
3033
3034
3035
3036 3203
3037 3038
3038
3039
3040
3041
3042
3043
3044
3045 3187
3046
3047
3048
3049 3050
3050
3051 3207
3052
3053
3054
3055
3056
3057 3058 3059
3058 3059
3059
3060
3061
3062
3063
3064
3065
3066 3067
3067
3068
3069
3070
3071
3072 3080
3073
3074
3075
3076
3077
3078
3079
3080 3081
3081
3082 3082
3083
3084
3085
3086
3087
3088
3089
3090 3091
3091
3092
3093
3094 3095
3095
3096
3097
3098
3099
3100
3101
3102 3267
3103 3267
3104
3105
3106 3107
3107
3108 3109 3110
3109
3110
3111
3112
3113
3114
3115 3116
3116
3117 3118
3118
3119
3120
3121
3122 3122
3123 3123
3124
3125
3126 3127
3127
3128
3129
3130
3131
3132 3193
3133 3134
3134
3135 3136
3136
3137
3138
3139 3244
3140
3141
3142
3143
3144 3145
3145
3146 3147 3148
3147
3148
3149
3150
3151
3152
3153
3154
3155
3156
3157
3158
3159
3160
3161
3162
3163
3164
3165 3166
3166
3167
3168
3169 3172
3170
3171 3172
3172 3173
3173
3174
3175
3176 3177
3177
3178 3179
3179
3180 3181
3181
3182
3183
3184
3185
3186
3187
3188
3189
3190 3190
3191
3192
3193 3194 3195 3196 3197 3210
3194
3195
3196
3197
3198
3199
3200 3201
3201
3202
3203 3204
3204 3204
3205
3206
3207
3208
3209
3210
3211
3212
3213
3214
3215
3216
3217
3218
3219
3220
3221
3222
3223
3224
3225
3226
3227 3227
3228 3236
3229
3230 3254
3231
3232
3233
3234
3235
3236
3237
3238
3239
3240
3241
3242
3243
3244
3245
3246
3247
3248
3249
3250
3251
3252 3253
3253
3254
3255
3256 3281
3257
3258
3259
3260 3260
3261
3262
3263
3264
3265
3266
3267
3268
3269
3270
3271
3272
3273
3274
3275
3276
3277
3278
3279
3280
3281
3282
3283
3284
3285
3286 3287
3287
3288
3289
3290
3291
3292
3293
3294
3295
3296
3297
3298
3299
3300
3301 3302
3302
3303
3304
3305
3306
3307
3308
3309
3310
3311
3312
3313
3314
3315
3316
3317
3318
3319 3320
3320
3321
3322 3323
3323
3324
3325
3326
