0 2009
1 2004
2 2008
3 2002
4 2007
5 2004
6 2007
7 2008
8 2007
9 2008
10 2007
11 2007
12 2006
13 2007
14 2008
15 2009
16 2006
17 2006
18 2006
19 2000
20 2006
21 2005
22 2005
23 2004
24 2004
25 2005
26 2005
27 2003
28 2009
29 2007
30 2004
31 2006
32 2009
33 2001
34 2010
35 2007
36 2005
37 2004
38 2004
39 2007
40 2008
41 2009
42 2008
43 2006
44 2009
45 2009
46 2006
47 2005
48 2002
49 2005
50 2007
51 2008
52 2008
53 2004
54 2008
55 2006
56 2008
57 2009
58 2007
59 2008
60 2008
61 2004
62 2008
63 2002
64 2009
65 2002
66 2000
67 2007
68 2008
69 2003
70 2009
71 2009
72 2005
73 2004
74 2008
75 2008
76 2009
77 2007
78 2008
79 2008
80 2007
81 2009
82 2006
83 2005
84 2007
85 2004
86 2006
87 2008
88 2009
89 2006
90 2004
91 2007
92 2006
93 2004
94 2007
95 2004
96 2008
97 2008
98 2006
99 2005
100 2008
101 2007
102 2008
103 2008
104 2010
105 2008
106 2006
107 2008
108 2007
109 2007
110 2008
111 2009
112 2001
113 2008
114 2004
115 1996
116 2007
117 2006
118 2007
119 2005
120 2004
121 2003
122 2005
123 2009
124 2008
125 2006
126 2009
127 2006
128 2005
129 2005
130 2007
131 2007
132 2007
133 2007
134 2005
135 2007
136 2002
137 2008
138 2005
139 2004
140 2004
141 2004
142 2005
143 2004
144 2006
145 2006
146 2008
147 2003
148 2007
149 2007
150 2005
151 2002
152 2008
153 2007
154 2008
155 2004
156 2007
157 2004
158 2008
159 2003
160 2001
161 2005
162 2002
163 2006
164 2006
165 2008
166 2004
167 2005
168 2009
169 2008
170 2007
171 2007
172 2008
173 2009
174 2009
175 2009
176 2004
177 2008
178 2005
179 2005
180 2008
181 2007
182 2006
183 2009
184 2004
185 2008
186 2005
187 2006
188 2008
189 2003
190 2003
191 2004
192 2005
193 2006
194 2007
195 2009
196 2004
197 2007
198 2006
199 2006
200 2003
201 2008
202 2005
203 2009
204 2008
205 2007
206 2008
207 2006
208 2008
209 2007
210 2009
211 2009
212 2005
213 2008
214 2004
215 2003
216 2008
217 2006
218 2005
219 2005
220 2003
221 2004
222 2008
223 2009
224 2006
225 2006
226 2008
227 2008
228 2009
229 2004
230 2005
231 2008
232 2008
233 2007
234 2006
235 2004
236 2008
237 2006
238 2009
239 2008
240 2008
241 2008
242 2008
243 2003
244 2009
245 2008
246 2009
247 2006
248 2006
249 2008
250 2005
251 2006
252 2009
253 1996
254 2009
255 2003
256 2008
257 2003
258 2005
259 2008
260 1968
261 2005
262 2007
263 2006
264 2006
265 2009
266 2002
267 2002
268 2004
269 2005
270 2008
271 2008
272 2009
273 2004
274 2007
275 2009
276 2006
277 2005
278 2008
279 2005
280 2005
281 2005
282 2005
283 2004
284 2006
285 2008
286 2006
287 2002
288 2007
289 2003
290 2006
291 2008
292 2004
293 2009
294 2006
295 2006
296 2009
297 2007
298 2004
299 2004
300 2008
301 2009
302 2005
303 2008
304 2006
305 2008
306 2004
307 2003
308 2006
309 2006
310 2007
311 2008
312 2000
313 2004
314 2006
315 2008
316 2006
317 2005
318 2004
319 2006
320 2009
321 2005
322 2007
323 2002
324 2008
325 2005
326 2008
327 2008
328 2009
329 2008
330 2005
331 2006
332 2006
333 2003
334 2005
335 2009
336 2008
337 1975
338 2007
339 2003
340 2009
341 2009
342 2007
343 2006
344 2008
345 2004
346 2009
347 2006
348 2004
349 2009
350 2004
351 2008
352 2007
353 2008
354 2006
355 2004
356 2009
357 2005
358 2004
359 2009
360 2009
361 2006
362 2008
363 2008
364 2009
365 2006
366 2005
367 2009
368 2006
369 2009
370 2005
371 2004
372 2005
373 2007
374 2004
375 2005
376 2006
377 2006
378 2008
379 2006
380 2005
381 2007
382 2004
383 2009
384 2007
385 2006
386 2009
387 2006
388 2004
389 2003
390 2006
391 2004
392 2007
393 2008
394 2009
395 2007
396 2008
397 2009
398 2009
399 2008
400 2010
401 2007
402 2008
403 2004
404 2007
405 2005
406 2007
407 2008
408 2008
409 2008
410 2009
411 2008
412 2004
413 2006
414 2009
415 2006
416 2007
417 2007
418 2009
419 2005
420 2009
421 2006
422 2007
423 2004
424 2008
425 2005
426 2008
427 2004
428 2009
429 2008
430 2009
431 2003
432 2009
433 2010
434 2009
435 2008
436 2007
437 2005
438 2006
439 2006
440 2009
441 2009
442 2005
443 2004
444 2007
445 2006
446 2007
447 2005
448 2005
449 2007
450 2007
451 2007
452 2009
453 2007
454 2004
455 2005
456 2009
457 2004
458 2005
459 2007
460 2004
461 2008
462 2007
463 2008
464 2005
465 2008
466 2008
467 2009
468 2009
469 2006
470 2006
471 2008
472 2009
473 2007
474 2003
475 2006
476 2009
477 1999
478 2004
479 2009
480 2008
481 2009
482 2007
483 2008
484 2007
485 2007
486 2005
487 2008
488 2009
489 2008
490 2003
491 2007
492 2005
493 2005
494 2004
495 2005
496 2004
497 2009
498 2008
499 2004
500 2007
501 2004
502 2008
503 2005
504 2007
505 2000
506 2006
507 2009
508 2006
509 2008
510 2008
511 2008
512 2007
513 2009
514 2004
515 2007
516 2008
517 2001
518 2007
519 2002
520 2005
521 2009
522 2005
523 2010
524 2007
525 2005
526 2008
527 2007
528 2006
529 2003
530 2006
531 2009
532 2009
533 2006
534 2005
535 2005
536 2009
537 2006
538 2008
539 2007
540 2006
541 2006
542 2006
543 2009
544 2004
545 2007
546 2007
547 2006
548 2004
549 2006
550 2003
551 2007
552 2005
553 2005
554 2008
555 2006
556 2005
557 2008
558 2005
559 2006
560 2005
561 2004
562 2009
563 2004
564 2006
565 2009
566 2003
567 2007
568 2006
569 2004
570 2006
571 2008
572 2002
573 2006
574 2009
575 2009
576 2009
577 2007
578 2006
579 2005
580 2007
581 2007
582 2008
583 2008
584 2003
585 2006
586 1987
587 2004
588 2005
589 2007
590 2008
591 2008
592 2009
593 2009
594 2006
595 2005
596 2007
597 2006
598 2008
599 2004
600 2005
601 2005
602 2006
603 2004
604 2009
605 2007
606 2009
607 2005
608 2004
609 2005
610 2009
611 2007
612 2004
613 2004
614 2006
615 2006
616 2004
617 2006
618 2009
619 2006
620 2005
621 2006
622 2007
623 2004
624 2005
625 2009
626 2006
627 2009
628 2008
629 2005
630 2008
631 2007
632 2008
633 2005
634 2005
635 1977
636 2004
637 2009
638 2009
639 2008
640 2003
641 2006
642 2008
643 2007
644 2007
645 2005
646 2006
647 2006
648 2006
649 2008
650 2008
651 2008
652 2009
653 2009
654 2008
655 2005
656 2008
657 2005
658 2009
659 2005
660 2006
661 2004
662 2009
663 2008
664 2009
665 2009
666 2005
667 2009
668 2004
669 2008
670 2006
671 2007
672 2006
673 2009
674 2006
675 2006
676 2007
677 2005
678 2007
679 2007
680 2004
681 2002
682 2009
683 2009
684 2009
685 2005
686 2006
687 2006
688 2004
689 2005
690 2009
691 2008
692 2008
693 2008
694 2008
695 2006
696 2010
697 2005
698 2005
699 2006
700 2006
701 2006
702 2005
703 2008
704 2004
705 2001
706 2005
707 2005
708 2008
709 2008
710 2007
711 2009
712 2008
713 2008
714 2009
715 2004
716 2006
717 2007
718 2006
719 2006
720 2006
721 2009
722 2005
723 2002
724 2007
725 2008
726 2008
727 2005
728 2008
729 2009
730 2009
731 2006
732 2006
733 2005
734 2008
735 2004
736 2006
737 2004
738 2007
739 2007
740 2007
741 2001
742 1999
743 2008
744 2009
745 2009
746 2008
747 2004
748 2008
749 2004
750 2007
751 2004
752 2004
753 2004
754 2009
755 2007
756 2003
757 2008
758 2004
759 2008
760 2004
761 2007
762 2006
763 2004
764 2006
765 2004
766 2003
767 2006
768 2004
769 2008
770 2008
771 2008
772 2007
773 2008
774 2004
775 2007
776 2009
777 2008
778 2004
779 2006
780 2004
781 2008
782 2008
783 2008
784 2007
785 2004
786 2008
787 2005
788 2009
789 2005
790 2007
791 2008
792 2006
793 2008
794 2009
795 2009
796 2009
797 2008
798 2006
799 2007
800 2006
801 2009
802 2007
803 2008
804 2006
805 2006
806 2009
807 2005
808 2007
809 2004
810 2009
811 2005
812 2008
813 2008
814 2006
815 2006
816 2009
817 2007
818 2007
819 2008
820 2007
821 2006
822 2009
823 2009
824 2009
825 2006
826 2005
827 2008
828 2005
829 2007
830 2007
831 2006
832 2007
833 2006
834 2009
835 2008
836 2008
837 2002
838 2005
839 2007
840 2007
841 2008
842 2006
843 2008
844 2009
845 2008
846 2006
847 2009
848 2010
849 2009
850 2005
851 2003
852 2006
853 2008
854 2005
855 2009
856 2005
857 2002
858 2009
859 2004
860 2006
861 2006
862 2010
863 2004
864 2006
865 2004
866 2005
867 2003
868 2006
869 2007
870 2004
871 2004
872 2006
873 2008
874 2005
875 2004
876 2007
877 2006
878 2009
879 2007
880 2007
881 2007
882 2009
883 2005
884 2007
885 2007
886 2008
887 2005
888 2005
889 2006
890 2007
891 2006
892 2007
893 2009
894 2008
895 2008
896 2007
897 2006
898 2005
899 2007
900 2006
901 2007
902 2010
903 2008
904 2004
905 2009
906 2010
907 2001
908 2005
909 2007
910 2004
911 2007
912 2006
913 2006
914 2004
915 2009
916 2003
917 2008
918 2006
919 2009
920 2008
921 2009
922 1998
923 2007
924 2003
925 2009
926 2005
927 2009
928 2008
929 2006
930 2009
931 2006
932 2010
933 2007
934 2009
935 2004
936 2008
937 2009
938 2006
939 2006
940 2007
941 2004
942 2003
943 2005
944 2008
945 2008
946 2007
947 2009
948 2007
949 2008
950 2009
951 2009
952 2005
953 2008
954 2003
955 2004
956 2008
957 2009
958 2008
959 2005
960 2005
961 2004
962 2006
963 2008
964 2003
965 2003
966 2007
967 2009
968 2006
969 2008
970 2009
971 2008
972 2010
973 2005
974 2005
975 2007
976 2008
977 2009
978 2006
979 2002
980 2008
981 2005
982 2002
983 2004
984 2003
985 2008
986 2008
987 2007
988 2006
989 2009
990 2008
991 2007
992 2006
993 2008
994 2006
995 2006
996 2005
997 2008
998 2005
999 2005
1000 2001
1001 2009
1002 2002
1003 2005
1004 2005
1005 2005
1006 2006
1007 2005
1008 2000
1009 2008
1010 2009
1011 2008
1012 2008
1013 2005
1014 2002
1015 2009
1016 2006
1017 2004
1018 2008
1019 2009
1020 2009
1021 2005
1022 2009
1023 2009
1024 2003
1025 2005
1026 2006
1027 2007
1028 2008
1029 2004
1030 2007
1031 2005
1032 2009
1033 2006
1034 2006
1035 2008
1036 2004
1037 2007
1038 2003
1039 2002
1040 2009
1041 2005
1042 2002
1043 2007
1044 2009
1045 2006
1046 2004
1047 2005
1048 2009
1049 2004
1050 2009
1051 2004
1052 2009
1053 2006
1054 2007
1055 2005
1056 2009
1057 2007
1058 2005
1059 2010
1060 2006
1061 2008
1062 2009
1063 2004
1064 2008
1065 2005
1066 2005
1067 2007
1068 2010
1069 2005
1070 2007
1071 2009
1072 2008
1073 1976
1074 2004
1075 2009
1076 2006
1077 2006
1078 2009
1079 2003
1080 2006
1081 2005
1082 2009
1083 2007
1084 2007
1085 2005
1086 2006
1087 2005
1088 2007
1089 2006
1090 2006
1091 2008
1092 2005
1093 2007
1094 2008
1095 2005
1096 2007
1097 2009
1098 2004
1099 2005
1100 2004
1101 2006
1102 2005
1103 2003
1104 2006
1105 2007
1106 2008
1107 2008
1108 2007
1109 2009
1110 2004
1111 2007
1112 2005
1113 2007
1114 2004
1115 2007
1116 2005
1117 2009
1118 2004
1119 2005
1120 2007
1121 2009
1122 2004
1123 2005
1124 2005
1125 2008
1126 2003
1127 2004
1128 2010
1129 2002
1130 2009
1131 2005
1132 2005
1133 2008
1134 2006
1135 2007
1136 2007
1137 2008
1138 2008
1139 2008
1140 2006
1141 2005
1142 2009
1143 2009
1144 2002
1145 2009
1146 2006
1147 2009
1148 2006
1149 2004
1150 2002
1151 2005
1152 2006
1153 2009
1154 2006
1155 2009
1156 2004
1157 2008
1158 2003
1159 2008
1160 2004
1161 2008
1162 2007
1163 2007
1164 2004
1165 2007
1166 2004
1167 2003
1168 2009
1169 2008
1170 2000
1171 2005
1172 2009
1173 2009
1174 2005
1175 2006
1176 2007
1177 2006
1178 2005
1179 2005
1180 2006
1181 2007
1182 2008
1183 2009
1184 2006
1185 2006
1186 2007
1187 2008
1188 2008
1189 2006
1190 2009
1191 1981
1192 2006
1193 2007
1194 2006
1195 2005
1196 2003
1197 2007
1198 2006
1199 2008
1200 2008
1201 2002
1202 2009
1203 2006
1204 2008
1205 2008
1206 2006
1207 2004
1208 2008
1209 2005
1210 2008
1211 2006
1212 2004
1213 2008
1214 2009
1215 2008
1216 2002
1217 2007
1218 2006
1219 2007
1220 2006
1221 2007
1222 2009
1223 2006
1224 2006
1225 2005
1226 2007
1227 2008
1228 2005
1229 2004
1230 2006
1231 2004
1232 2006
1233 2009
1234 2007
1235 2003
1236 2007
1237 2007
1238 2008
1239 2009
1240 2006
1241 2006
1242 2009
1243 2007
1244 2009
1245 2007
1246 2005
1247 2005
1248 2006
1249 2006
1250 2006
1251 2009
1252 2006
1253 2006
1254 2006
1255 2009
1256 2005
1257 2007
1258 2005
1259 2008
1260 2007
1261 2006
1262 2008
1263 2004
1264 2008
1265 2006
1266 2009
1267 2007
1268 2009
1269 2004
1270 2008
1271 2008
1272 2008
1273 2004
1274 2006
1275 2008
1276 2003
1277 2007
1278 2006
1279 2007
1280 2008
1281 2004
1282 2008
1283 2004
1284 2007
1285 2008
1286 2007
1287 2003
1288 2008
1289 2008
1290 2007
1291 2004
1292 2007
1293 2006
1294 2006
1295 2007
1296 2007
1297 2007
1298 2006
1299 2009
1300 2007
1301 2005
1302 2009
1303 2008
1304 2006
1305 2004
1306 2006
1307 2008
1308 2006
1309 2001
1310 2008
1311 2006
1312 2004
1313 2007
1314 2007
1315 2005
1316 2006
1317 2008
1318 2005
1319 2005
1320 2005
1321 2008
1322 2005
1323 2009
1324 2008
1325 2005
1326 2008
1327 2007
1328 2007
1329 2008
1330 2005
1331 2009
1332 2010
1333 2010
1334 2004
1335 2007
1336 2009
1337 2008
1338 2008
1339 2006
1340 2007
1341 2006
1342 2006
1343 2002
1344 2006
1345 2008
1346 2006
1347 2004
1348 2005
1349 2006
1350 2006
1351 2005
1352 2008
1353 2008
1354 2006
1355 2007
1356 2009
1357 2008
1358 2003
1359 2008
1360 2005
1361 2006
1362 2008
1363 2006
1364 2006
1365 2006
1366 2004
1367 2004
1368 2004
1369 2006
1370 2008
1371 2007
1372 2006
1373 2005
1374 2007
1375 2005
1376 2007
1377 2003
1378 2009
1379 2008
1380 2008
1381 2004
1382 2009
1383 2004
1384 2005
1385 2008
1386 2002
1387 2005
1388 2008
1389 2006
1390 2004
1391 2004
1392 2008
1393 2009
1394 2007
1395 2007
1396 2006
1397 2008
1398 2005
1399 2009
1400 2007
1401 2008
1402 2007
1403 2008
1404 2005
1405 2007
1406 2009
1407 2008
1408 2009
1409 2006
1410 2009
1411 2006
1412 2007
1413 2008
1414 2005
1415 2008
1416 2009
1417 2007
1418 2005
1419 2007
1420 2006
1421 2007
1422 2009
1423 2006
1424 2004
1425 2009
1426 2008
1427 2005
1428 2009
1429 2009
1430 2003
1431 2008
1432 2004
1433 2006
1434 1989
1435 2006
1436 2006
1437 2005
1438 2004
1439 2005
1440 2009
1441 2007
1442 2009
1443 2008
1444 2006
1445 2008
1446 1995
1447 2008
1448 2008
1449 2009
1450 2007
1451 2004
1452 2009
1453 2008
1454 2006
1455 2007
1456 2010
1457 2007
1458 2004
1459 2006
1460 2009
1461 2007
1462 2009
1463 2007
1464 2005
1465 2005
1466 2006
1467 2008
1468 2009
1469 2003
1470 2007
1471 2006
1472 2008
1473 2002
1474 2007
1475 2004
1476 2006
1477 2006
1478 2008
1479 2009
1480 2008
1481 2004
1482 2007
1483 2008
1484 2005
1485 2006
1486 2007
1487 2000
1488 2008
1489 2009
1490 2009
1491 2009
1492 2006
1493 2007
1494 2005
1495 2008
1496 2006
1497 2009
1498 2009
1499 2006
1500 2007
1501 2006
1502 2007
1503 2010
1504 2009
1505 2004
1506 2009
1507 2008
1508 2005
1509 2007
1510 2009
1511 2007
1512 2009
1513 2006
1514 2009
1515 2006
1516 2008
1517 2007
1518 2007
1519 2008
1520 2009
1521 2007
1522 2008
1523 2006
1524 2008
1525 2009
1526 2008
1527 2008
1528 2002
1529 2005
1530 2006
1531 2007
1532 2006
1533 2008
1534 2007
1535 2009
1536 2006
1537 2003
1538 2009
1539 2009
1540 2005
1541 2008
1542 2009
1543 2006
1544 2005
1545 2007
1546 2009
1547 2006
1548 2006
1549 2008
1550 2004
1551 2004
1552 2004
1553 2006
1554 2004
1555 2008
1556 2007
1557 2004
1558 2004
1559 2004
1560 2009
1561 2006
1562 2006
1563 2007
1564 2007
1565 2007
1566 2007
1567 2004
1568 2008
1569 2009
1570 2008
1571 2005
1572 2006
1573 2004
1574 2005
1575 2002
1576 2009
1577 2007
1578 1997
1579 2005
1580 2009
1581 2006
1582 2009
1583 2007
1584 2005
1585 2009
1586 2006
1587 2007
1588 2003
1589 2006
1590 2008
1591 2009
1592 2007
1593 2004
1594 2005
1595 2006
1596 2007
1597 2009
1598 2005
1599 2006
1600 2005
1601 2008
1602 2009
1603 2009
1604 2006
1605 2008
1606 2005
1607 2004
1608 2004
1609 2009
1610 2007
1611 2007
1612 2002
1613 2009
1614 2008
1615 2004
1616 2009
1617 2009
1618 2007
1619 2006
1620 2007
1621 2005
1622 2008
1623 2007
1624 2008
1625 2008
1626 2007
1627 2004
1628 2007
1629 2009
1630 2005
1631 2006
1632 2005
1633 2003
1634 2005
1635 2006
1636 2004
1637 2006
1638 2005
1639 2004
1640 2006
1641 2008
1642 2008
1643 2005
1644 2008
1645 2006
1646 2009
1647 2004
1648 2009
1649 2005
1650 2005
1651 2009
1652 2008
1653 2006
1654 2006
1655 2002
1656 2005
1657 2008
1658 2006
1659 2005
1660 2006
1661 2010
1662 2007
1663 2006
1664 2009
1665 2005
1666 2005
1667 2009
1668 2009
1669 2005
1670 2010
1671 2008
1672 2007
1673 2005
1674 2008
1675 2005
1676 2009
1677 2007
1678 2006
1679 2006
1680 2009
1681 2008
1682 2004
1683 2007
1684 2009
1685 2007
1686 2006
1687 2009
1688 2006
1689 2006
1690 2003
1691 2006
1692 2004
1693 2005
1694 2009
1695 2009
1696 2005
1697 2008
1698 2007
1699 2002
1700 2009
1701 2008
1702 2006
1703 2005
1704 2006
1705 2005
1706 2008
1707 2004
1708 2004
1709 2006
1710 2006
1711 2006
1712 2008
1713 2003
1714 2008
1715 2010
1716 2003
1717 2009
1718 2008
1719 2008
1720 2007
1721 2009
1722 2007
1723 2009
1724 2005
1725 2006
1726 2005
1727 2008
1728 2004
1729 2008
1730 2006
1731 2009
1732 2007
1733 2005
1734 2007
1735 2009
1736 2005
1737 2009
1738 2008
1739 2009
1740 2009
1741 2005
1742 2003
1743 2007
1744 2008
1745 2007
1746 2009
1747 2008
1748 2006
1749 2008
1750 2008
1751 2005
1752 2009
1753 2006
1754 2008
1755 2008
1756 2008
1757 2006
1758 2004
1759 2008
1760 1999
1761 2004
1762 2008
1763 2009
1764 2002
1765 2008
1766 2005
1767 2005
1768 2004
1769 2007
1770 2008
1771 2006
1772 2000
1773 2008
1774 2006
1775 2006
1776 2007
1777 2006
1778 2005
1779 2005
1780 2005
1781 2005
1782 2009
1783 2004
1784 2005
1785 2005
1786 2006
1787 2008
1788 2008
1789 2008
1790 2007
1791 2008
1792 2008
1793 2007
1794 2007
1795 2007
1796 2009
1797 2009
1798 2008
1799 2009
1800 2007
1801 2005
1802 2005
1803 2003
1804 2007
1805 2009
1806 2008
1807 2005
1808 2007
1809 2008
1810 2008
1811 2009
1812 2004
1813 2008
1814 2005
1815 2006
1816 2006
1817 2003
1818 2009
1819 2009
1820 2007
1821 2008
1822 2002
1823 2005
1824 2004
1825 2006
1826 2008
1827 2009
1828 2007
1829 2008
1830 2009
1831 2000
1832 2005
1833 2006
1834 2003
1835 2007
1836 2008
1837 2005
1838 2009
1839 2007
1840 2007
1841 2004
1842 2009
1843 2005
1844 2009
1845 2007
1846 2007
1847 2007
1848 2009
1849 2006
1850 2008
1851 2005
1852 2009
1853 2007
1854 2004
1855 2009
1856 2006
1857 2007
1858 2008
1859 2005
1860 2006
1861 2003
1862 2009
1863 2009
1864 2007
1865 2003
1866 2009
1867 2004
1868 2009
1869 2008
1870 2004
1871 2007
1872 2007
1873 2006
1874 2008
1875 2003
1876 2004
1877 2004
1878 2004
1879 2009
1880 2009
1881 2003
1882 2004
1883 2005
1884 2006
1885 2007
1886 2009
1887 2005
1888 2005
1889 2004
1890 2009
1891 2009
1892 2005
1893 2007
1894 2002
1895 2006
1896 2008
1897 2008
1898 2008
1899 2009
1900 2006
1901 2009
1902 2001
1903 2009
1904 2007
1905 2005
1906 2005
1907 2006
1908 2007
1909 2007
1910 2009
1911 2007
1912 2005
1913 2008
1914 2002
1915 2003
1916 2007
1917 2005
1918 2005
1919 2008
1920 2004
1921 2004
1922 2002
1923 2006
1924 2008
1925 2005
1926 2007
1927 2005
1928 2005
1929 2006
1930 2004
1931 2009
1932 2006
1933 2007
1934 2009
1935 2008
1936 2007
1937 2005
1938 2008
1939 2004
1940 1999
1941 2009
1942 2003
1943 2008
1944 2007
1945 2010
1946 2008
1947 2010
1948 2005
1949 2009
1950 2006
1951 2009
1952 2005
1953 2002
1954 2007
1955 2008
1956 2008
1957 2003
1958 2008
1959 2009
1960 2008
1961 2007
1962 2009
1963 2007
1964 2007
1965 2009
1966 2007
1967 2009
1968 2004
1969 2009
1970 2006
1971 2004
1972 2007
1973 2009
1974 2005
1975 2005
1976 2004
1977 2009
1978 2009
1979 2005
1980 2008
1981 2005
1982 2005
1983 2007
1984 2008
1985 2005
1986 2007
1987 2008
1988 2009
1989 2007
1990 2008
1991 2006
1992 2005
1993 2009
1994 2006
1995 2005
1996 2003
1997 2007
1998 2008
1999 2007
2000 2007
2001 2005
2002 2004
2003 2007
2004 2008
2005 2009
2006 2008
2007 2008
2008 2002
2009 2008
2010 2008
2011 2004
2012 2007
2013 2009
2014 2005
2015 2002
2016 2005
2017 2007
2018 2008
2019 2005
2020 2005
2021 2008
2022 2008
2023 2006
2024 2005
2025 2006
2026 2007
2027 2005
2028 2008
2029 2008
2030 2005
2031 2008
2032 2008
2033 2009
2034 2006
2035 2005
2036 2006
2037 2006
2038 2009
2039 2009
2040 2004
2041 2006
2042 2004
2043 2004
2044 2008
2045 2004
2046 2005
2047 2008
2048 2007
2049 2006
2050 2009
2051 2008
2052 2007
2053 2005
2054 2005
2055 2007
2056 2009
2057 2006
2058 2006
2059 2008
2060 2006
2061 2008
2062 2008
2063 2006
2064 2004
2065 2008
2066 2008
2067 2008
2068 2008
2069 2004
2070 2008
2071 2005
2072 1994
2073 1980
2074 2006
2075 2009
2076 2008
2077 2005
2078 2006
2079 2008
2080 2007
2081 2006
2082 2008
2083 2009
2084 2008
2085 2003
2086 2009
2087 2004
2088 2009
2089 2008
2090 2007
2091 2003
2092 2007
2093 2006
2094 2005
2095 2007
2096 2007
2097 2006
2098 2008
2099 2004
2100 2009
2101 2010
2102 2005
2103 2006
2104 2007
2105 2008
2106 2009
2107 2007
2108 2006
2109 2008
2110 2006
2111 2005
2112 2008
2113 2009
2114 2009
2115 2009
2116 2004
2117 2003
2118 2009
2119 2005
2120 2004
2121 2004
2122 2007
2123 2009
2124 2003
2125 2008
2126 2008
2127 2008
2128 2006
2129 2001
2130 2008
2131 2007
2132 2008
2133 2007
2134 2007
2135 2006
2136 2006
2137 2007
2138 2006
2139 2007
2140 2008
2141 2007
2142 2009
2143 2009
2144 2009
2145 2006
2146 2008
2147 2004
2148 2005
2149 2009
2150 2008
2151 2009
2152 2008
2153 2009
2154 2008
2155 2005
2156 2006
2157 2004
2158 2004
2159 2004
2160 2009
2161 2009
2162 2006
2163 2005
2164 2004
2165 2007
2166 2008
2167 2006
2168 2007
2169 2009
2170 2002
2171 2006
2172 2008
2173 2008
2174 2008
2175 2007
2176 2006
2177 2004
2178 2005
2179 2009
2180 2006
2181 2007
2182 2007
2183 2006
2184 2009
2185 2005
2186 2006
2187 2005
2188 2004
2189 2003
2190 2005
2191 2005
2192 2008
2193 2008
2194 2008
2195 2006
2196 2009
2197 2005
2198 2008
2199 2008
2200 2003
2201 2008
2202 2009
2203 2007
2204 2009
2205 2005
2206 2009
2207 2006
2208 2006
2209 2007
2210 2008
2211 2008
2212 2004
2213 2005
2214 2009
2215 2008
2216 2008
2217 2008
2218 2006
2219 2006
2220 2008
2221 2003
2222 2009
2223 2003
2224 2009
2225 2004
2226 2004
2227 2009
2228 2009
2229 2008
2230 2005
2231 2004
2232 2007
2233 2007
2234 2007
2235 2007
2236 2009
2237 1996
2238 2008
2239 2008
2240 2007
2241 2009
2242 2007
2243 2007
2244 2004
2245 2008
2246 2006
2247 2008
2248 2006
2249 2006
2250 2006
2251 2003
2252 2008
2253 2008
2254 2009
2255 2009
2256 2009
2257 2008
2258 2009
2259 2005
2260 2007
2261 2007
2262 2007
2263 2004
2264 2007
2265 2009
2266 2003
2267 2008
2268 2004
2269 2009
2270 2005
2271 2009
2272 2004
2273 2008
2274 2006
2275 2007
2276 2007
2277 2008
2278 2009
2279 2006
2280 2004
2281 2007
2282 2007
2283 2009
2284 2005
2285 2006
2286 2002
2287 2008
2288 2006
2289 2005
2290 2002
2291 2009
2292 2003
2293 2005
2294 2005
2295 2008
2296 2006
2297 2006
2298 2006
2299 2005
2300 2007
2301 2006
2302 2008
2303 2009
2304 2008
2305 2007
2306 2006
2307 2008
2308 2009
2309 2008
2310 2002
2311 2005
2312 2007
2313 2008
2314 2007
2315 2004
2316 2008
2317 2007
2318 2007
2319 2005
2320 2009
2321 2007
2322 2004
2323 2006
2324 2006
2325 2006
2326 2005
2327 2003
2328 2005
2329 2009
2330 2009
2331 2005
2332 2009
2333 2009
2334 2007
2335 2004
2336 2008
2337 2007
2338 2008
2339 2009
2340 2004
2341 2009
2342 2003
2343 2008
2344 2004
2345 2005
2346 2008
2347 2008
2348 2003
2349 2008
2350 2005
2351 2004
2352 2006
2353 2005
2354 2004
2355 2008
2356 2006
2357 2005
2358 2000
2359 2002
2360 2007
2361 2005
2362 2009
2363 2005
2364 2004
2365 2006
2366 2006
2367 2005
2368 2009
2369 2005
2370 2005
2371 2009
2372 2004
2373 2005
2374 2004
2375 2006
2376 2008
2377 2007
2378 2006
2379 2007
2380 2007
2381 2006
2382 2008
2383 2006
2384 2007
2385 2003
2386 2007
2387 2007
2388 2004
2389 2008
2390 2006
2391 2008
2392 2008
2393 2005
2394 2008
2395 2009
2396 2007
2397 2006
2398 2001
2399 2007
2400 2006
2401 2005
2402 2009
2403 2008
2404 2008
2405 2008
2406 2008
2407 2007
2408 2009
2409 2008
2410 2007
2411 2009
2412 2005
2413 2006
2414 2008
2415 2009
2416 2007
2417 2004
2418 2005
2419 2008
2420 2008
2421 2007
2422 2008
2423 2005
2424 2009
2425 2007
2426 2005
2427 2008
2428 2007
2429 2009
2430 2004
2431 2008
2432 2005
2433 2007
2434 2007
2435 2005
2436 2009
2437 2005
2438 2007
2439 2006
2440 2004
2441 2005
2442 2006
2443 2008
2444 2004
2445 2008
2446 2007
2447 2006
2448 2008
2449 2006
2450 2007
2451 2009
2452 2007
2453 2009
2454 2005
2455 2005
2456 2005
2457 2008
2458 2008
2459 2007
2460 2005
2461 2006
2462 2006
2463 2008
2464 2004
2465 2008
2466 2004
2467 2005
2468 2006
2469 2009
2470 2005
2471 2007
2472 2006
2473 2006
2474 2008
2475 2008
2476 2003
2477 2006
2478 2008
2479 2005
2480 2002
2481 2008
2482 2008
2483 1998
2484 2007
2485 2008
2486 2005
2487 2006
2488 2005
2489 2006
2490 2005
2491 2005
2492 2008
2493 2008
2494 2008
2495 2009
2496 2005
2497 2007
2498 2007
2499 2008
2500 2007
2501 2008
2502 2004
2503 2004
2504 2006
2505 2007
2506 2004
2507 2007
2508 2004
2509 2008
2510 2008
2511 2004
2512 2008
2513 2007
2514 2007
2515 2008
2516 2005
2517 2007
2518 2005
2519 2009
2520 2009
2521 2008
2522 2004
2523 2007
2524 2007
2525 2006
2526 2004
2527 2007
2528 2006
2529 2005
2530 2009
2531 2004
2532 2008
2533 2004
2534 2004
2535 2005
2536 2008
2537 2008
2538 2007
2539 2006
2540 2009
2541 2009
2542 2008
2543 2009
2544 2006
2545 2009
2546 2005
2547 2005
2548 2008
2549 2004
2550 2006
2551 2004
2552 2007
2553 2006
2554 2002
2555 2010
2556 2004
2557 2004
2558 2006
2559 2005
2560 2007
2561 2006
2562 2009
2563 2009
2564 2006
2565 2007
2566 2005
2567 2007
2568 2005
2569 2005
2570 2003
2571 2006
2572 2006
2573 2007
2574 2008
2575 2009
2576 2007
2577 2007
2578 2009
2579 2006
2580 2010
2581 2004
2582 2004
2583 2004
2584 2006
2585 2004
2586 2008
2587 2009
2588 2006
2589 2008
2590 2004
2591 2005
2592 2007
2593 2007
2594 2005
2595 2005
2596 2007
2597 2000
2598 2006
2599 2007
2600 2008
2601 2005
2602 2009
2603 2008
2604 2003
2605 2008
2606 2008
2607 2006
2608 2007
2609 2004
2610 2008
2611 2008
2612 2007
2613 2007
2614 2009
2615 2005
2616 2007
2617 2001
2618 2008
2619 2008
2620 2003
2621 2008
2622 2007
2623 2009
2624 2007
2625 2009
2626 2007
2627 2007
2628 2010
2629 2008
2630 2008
2631 2006
2632 2009
2633 2009
2634 2009
2635 2008
2636 2008
2637 2009
2638 2007
2639 2009
2640 2007
2641 2006
2642 2005
2643 2007
2644 2009
2645 2008
2646 2005
2647 2006
2648 2008
2649 2007
2650 2009
2651 2006
2652 2008
2653 2004
2654 2003
2655 2007
2656 2003
2657 2005
2658 2004
2659 2007
2660 2006
2661 2007
2662 2008
2663 2007
2664 2005
2665 2009
2666 2007
2667 2005
2668 2009
2669 2007
2670 2009
2671 2007
2672 2004
2673 2009
2674 2008
2675 2007
2676 2000
2677 2003
2678 2007
2679 2008
2680 2005
2681 2009
2682 2007
2683 2007
2684 2009
2685 2006
2686 2004
2687 2008
2688 2008
2689 2008
2690 2008
2691 2005
2692 2007
2693 2008
2694 1998
2695 2005
2696 2007
2697 2005
2698 2008
2699 2007
2700 2003
2701 2004
2702 2007
2703 2006
2704 2006
2705 2006
2706 2008
2707 2005
2708 2007
2709 2006
2710 2009
2711 2009
2712 2004
2713 2009
2714 2007
2715 2007
2716 2008
2717 2009
2718 2007
2719 2004
2720 2007
2721 2005
2722 2002
2723 2007
2724 2009
2725 2006
2726 2008
2727 2008
2728 2002
2729 2007
2730 2007
2731 2003
2732 2007
2733 2007
2734 2006
2735 2009
2736 2006
2737 2007
2738 2009
2739 2007
2740 2006
2741 2005
2742 2008
2743 2008
2744 2008
2745 2006
2746 2008
2747 2009
2748 2008
2749 2006
2750 2009
2751 2005
2752 2008
2753 2004
2754 2008
2755 2005
2756 2006
2757 2007
2758 2007
2759 2002
2760 2007
2761 2008
2762 2009
2763 2009
2764 2006
2765 2008
2766 2006
2767 2005
2768 2005
2769 2009
2770 2007
2771 2008
2772 2005
2773 2002
2774 2005
2775 2007
2776 2007
2777 2004
2778 2008
2779 2007
2780 2007
2781 2009
2782 2003
2783 2007
2784 2009
2785 2004
2786 2007
2787 2006
2788 2009
2789 2008
2790 2009
2791 2007
2792 2008
2793 2008
2794 2003
2795 2007
2796 2008
2797 2007
2798 2003
2799 2006
2800 2007
2801 2004
2802 2008
2803 2004
2804 2009
2805 2007
2806 2005
2807 2008
2808 2009
2809 2009
2810 2006
2811 2007
2812 2004
2813 2009
2814 2007
2815 2004
2816 2005
2817 2009
2818 2006
2819 2008
2820 2009
2821 2001
2822 2006
2823 2006
2824 2008
2825 2007
2826 2008
2827 2007
2828 2006
2829 2007
2830 2007
2831 2004
2832 2009
2833 2007
2834 2008
2835 2009
2836 2008
2837 2009
2838 2007
2839 2006
2840 2006
2841 2006
2842 2005
2843 2009
2844 2009
2845 2007
2846 2006
2847 2008
2848 2008
2849 2005
2850 2009
2851 2006
2852 2008
2853 2009
2854 2007
2855 2004
2856 2007
2857 2007
2858 2008
2859 2006
2860 2009
2861 2007
2862 2005
2863 2010
2864 2005
2865 2007
2866 2005
2867 2003
2868 2007
2869 2006
2870 2005
2871 2008
2872 1995
2873 2007
2874 2004
2875 2000
2876 2009
2877 2008
2878 2005
2879 2009
2880 2008
2881 2008
2882 2009
2883 2009
2884 2006
2885 2009
2886 2009
2887 2005
2888 2004
2889 2008
2890 2005
2891 2007
2892 2005
2893 2005
2894 2007
2895 2008
2896 2008
2897 2009
2898 2005
2899 2003
2900 2005
2901 2008
2902 2009
2903 2009
2904 2007
2905 2007
2906 2005
2907 2005
2908 2009
2909 2005
2910 2007
2911 2005
2912 2001
2913 2010
2914 2008
2915 2005
2916 2008
2917 2008
2918 2005
2919 2009
2920 2009
2921 2006
2922 2006
2923 2008
2924 2007
2925 2003
2926 2008
2927 2006
2928 2005
2929 2009
2930 2003
2931 2004
2932 2006
2933 2008
2934 2009
2935 2003
2936 2008
2937 2006
2938 2009
2939 2008
2940 2005
2941 2007
2942 2006
2943 2004
2944 2009
2945 2009
2946 2002
2947 2008
2948 2005
2949 2004
2950 2006
2951 2009
2952 2008
2953 2002
2954 2005
2955 2002
2956 1999
2957 2009
2958 2007
2959 2008
2960 2006
2961 2010
2962 2008
2963 2008
2964 2006
2965 2007
2966 2007
2967 2001
2968 2005
2969 2004
2970 2008
2971 2008
2972 2008
2973 2007
2974 2007
2975 2006
2976 2007
2977 2003
2978 2008
2979 2008
2980 2006
2981 2006
2982 2008
2983 2007
2984 2005
2985 2009
2986 2008
2987 2004
2988 2008
2989 2008
2990 2004
2991 2009
2992 2006
2993 2008
2994 2006
2995 2007
2996 2006
2997 2007
2998 2006
2999 2009
3000 2010
3001 2009
3002 2005
3003 2002
3004 2009
3005 2007
3006 2008
3007 2003
3008 2007
3009 2004
3010 2009
3011 2008
3012 2008
3013 2004
3014 2004
3015 2006
3016 2008
3017 2007
3018 2006
3019 2008
3020 2007
3021 2008
3022 2005
3023 2008
3024 2003
3025 2006
3026 2009
3027 2006
3028 2007
3029 2007
3030 2006
3031 2006
3032 2009
3033 2006
3034 2009
3035 2007
3036 2006
3037 2006
3038 2006
3039 2009
3040 2008
3041 2009
3042 2007
3043 2009
3044 1995
3045 2005
3046 2005
3047 2005
3048 2008
3049 2006
3050 2006
3051 2008
3052 2008
3053 2009
3054 2007
3055 2007
3056 2009
3057 2004
3058 2005
3059 2009
3060 2009
3061 2005
3062 2007
3063 2005
3064 2007
3065 2005
3066 2005
3067 2009
3068 2008
3069 2007
3070 2005
3071 2006
3072 2004
3073 2005
3074 2007
3075 2005
3076 2005
3077 2007
3078 2005
3079 2008
3080 2008
3081 2006
3082 2005
3083 2005
3084 2009
3085 2008
3086 2009
3087 2006
3088 2009
3089 2008
3090 2003
3091 2005
3092 2009
3093 2004
3094 2009
3095 2003
3096 2009
3097 2009
3098 2004
3099 2009
3100 2007
3101 2005
3102 2005
3103 2006
3104 2004
3105 2006
3106 2005
3107 2008
3108 2010
3109 2006
3110 2006
3111 2002
3112 2006
3113 2005
3114 2010
3115 2009
3116 2004
3117 2004
3118 2007
3119 2006
3120 2009
3121 2007
3122 2007
3123 2005
3124 2009
3125 2009
3126 2007
3127 2007
3128 2004
3129 2008
3130 2007
3131 2009
3132 2009
3133 2010
3134 2007
3135 2008
3136 2008
3137 2002
3138 2006
3139 2009
3140 2005
3141 2008
3142 2009
3143 2008
3144 2007
3145 2009
3146 2009
3147 2005
3148 2003
3149 2006
3150 2009
3151 2009
3152 2009
3153 1990
3154 2005
3155 2006
3156 2007
3157 2008
3158 2005
3159 2006
3160 2006
3161 2005
3162 2006
3163 2007
3164 2008
3165 2005
3166 2004
3167 2007
3168 2006
3169 2007
3170 2006
3171 2006
3172 2007
3173 2005
3174 2008
3175 2004
3176 2005
3177 2004
3178 2003
3179 2009
3180 2007
3181 2008
3182 2009
3183 2004
3184 2005
3185 2007
3186 2006
3187 2009
3188 2003
3189 2007
3190 2007
3191 2010
3192 2009
3193 2009
3194 2008
3195 2009
3196 2007
3197 2004
3198 1993
3199 2009
3200 2006
3201 2004
3202 2007
3203 2005
3204 2008
3205 2008
3206 2005
3207 2005
3208 2008
3209 2009
3210 2008
3211 2009
3212 2007
3213 2003
3214 2007
3215 2005
3216 2005
3217 2004
3218 2007
3219 2006
3220 2008
3221 2009
3222 2008
3223 2006
3224 2003
3225 2006
3226 2005
3227 2007
3228 2004
3229 2006
3230 2004
3231 2006
3232 2007
3233 2006
3234 2009
3235 2007
3236 2009
3237 2006
3238 2006
3239 2005
3240 2008
3241 2006
3242 2007
3243 2005
3244 2008
3245 2003
3246 2004
3247 2006
3248 2009
3249 2006
3250 2006
3251 2008
3252 2009
3253 2006
3254 2006
3255 2007
3256 2007
3257 2006
3258 2009
3259 2008
3260 2005
3261 2007
3262 2009
3263 2000
3264 2007
3265 2004
3266 2006
3267 2008
3268 2004
3269 2006
3270 2009
3271 2005
3272 2008
3273 2008
3274 2008
3275 2006
3276 2006
3277 2007
3278 2007
3279 2009
3280 2007
3281 2008
3282 2005
3283 2004
3284 2006
3285 2009
3286 2004
3287 2009
3288 2001
3289 2009
3290 2008
3291 2009
3292 2006
3293 2006
3294 2004
3295 2008
3296 2008
3297 2006
3298 2009
3299 1928
3300 2009
3301 2009
3302 2007
3303 2009
3304 2006
3305 2007
3306 2005
3307 2009
3308 2005
3309 2005
3310 2005
3311 2006
3312 2007
3313 2005
3314 2004
3315 2003
3316 2007
3317 2004
3318 2006
3319 2007
3320 2005
3321 2007
3322 2007
3323 2009
3324 2005
3325 2005
3326 2006
3327 2004
3328 2006
3329 2007
3330 2008
3331 2006
3332 2004
3333 2005
3334 2006
3335 2006
3336 2007
3337 2009
3338 2009
3339 2005
3340 2003
3341 2005
3342 2007
3343 2007
3344 2007
3345 2004
3346 2008
3347 2009
3348 2009
3349 2007
3350 2008
3351 2009
3352 2007
3353 2005
3354 2005
3355 2005
3356 2010
3357 2006
3358 2005
3359 2008
3360 2006
3361 2006
3362 2003
3363 2009
3364 2006
3365 2008
3366 2006
3367 2009
3368 2003
3369 2008
3370 2007
3371 2004
3372 2008
3373 2005
3374 2008
3375 2008
3376 2008
3377 2008
3378 2009
3379 2006
3380 2008
3381 2008
3382 2004
3383 2009
3384 2008
3385 2006
3386 2006
3387 2009
3388 2005
3389 2008
3390 2006
3391 2004
3392 2008
3393 2005
3394 1999
3395 2007
3396 2009
3397 2008
3398 2009
3399 2007
3400 2005
3401 2010
3402 2005
3403 2008
3404 2008
3405 2005
3406 2006
3407 2009
3408 2009
3409 2006
3410 2007
3411 2008
3412 2009
3413 2006
3414 2004
3415 2009
3416 2006
3417 2007
3418 2007
3419 2005
3420 2006
3421 2006
3422 2008
3423 2007
3424 2004
3425 2007
3426 2004
3427 2009
3428 2006
3429 2008
3430 2009
3431 2007
3432 2009
3433 2007
3434 2006
3435 2008
3436 2008
3437 2008
3438 2007
3439 2007
3440 2005
3441 2003
3442 2006
3443 2006
3444 2005
3445 2007
3446 2004
3447 2009
3448 2005
3449 2005
3450 2006
3451 2004
3452 2008
3453 2003
3454 2009
3455 2004
3456 2008
3457 2009
3458 2008
3459 2010
3460 2005
3461 2005
3462 2004
3463 2006
3464 2008
3465 2009
3466 2007
3467 2006
3468 2006
3469 2009
3470 2008
3471 2005
3472 2008
3473 2009
3474 2005
3475 2007
3476 2008
3477 2005
3478 2008
3479 2005
3480 2008
3481 2004
3482 2009
3483 2006
3484 2008
3485 2005
3486 2007
3487 2005
3488 2009
3489 2005
3490 2005
3491 2006
3492 2005
3493 2004
3494 2005
3495 2009
3496 2004
3497 2009
3498 2006
3499 2005
3500 2007
3501 2009
3502 2008
3503 2009
3504 2007
3505 2006
3506 2007
3507 2006
3508 2005
3509 2006
3510 2007
3511 2008
3512 2006
3513 2009
3514 2009
3515 2008
3516 2004
3517 2004
3518 2006
3519 2006
3520 2003
3521 2004
3522 2008
3523 2006
3524 2006
3525 2007
3526 2009
3527 2005
3528 2007
3529 2007
3530 2008
3531 2009
3532 2007
3533 2006
3534 2002
3535 2008
3536 2007
3537 2004
3538 1981
3539 2008
3540 2009
3541 2005
3542 2009
3543 2007
3544 2004
3545 2005
3546 2004
3547 2004
3548 2005
3549 2008
3550 2006
3551 2004
3552 2004
3553 2005
3554 2007
3555 2006
3556 2007
3557 2008
3558 2003
3559 2008
3560 2007
3561 2009
3562 2006
3563 2008
3564 2009
3565 2004
3566 2007
3567 2007
3568 2006
3569 2006
3570 2006
3571 2004
3572 2005
3573 2009
3574 2004
3575 2008
3576 2009
3577 2007
3578 2005
3579 2007
3580 2005
3581 2008
3582 2009
3583 2009
3584 2003
3585 2005
3586 2005
3587 2006
3588 2008
3589 2006
3590 2009
3591 2010
3592 2005
3593 2009
3594 2004
3595 2004
3596 2007
3597 2003
3598 2007
3599 2009
3600 2008
3601 2006
3602 2008
3603 2009
3604 2006
3605 2006
3606 2004
3607 2005
3608 2004
3609 2007
3610 2007
3611 2005
3612 2004
3613 2009
3614 2009
3615 2007
3616 2009
3617 2005
3618 2005
3619 2009
3620 2007
3621 2009
3622 2006
3623 2009
3624 2005
3625 2005
3626 2008
3627 2009
3628 2009
3629 2007
3630 2009
3631 2010
3632 2008
3633 2009
3634 2004
3635 2008
3636 2009
3637 2008
3638 2007
3639 2008
3640 2008
3641 2003
3642 2008
3643 2008
3644 2004
3645 2006
3646 2007
3647 2006
3648 2008
3649 2009
3650 2003
3651 2004
3652 2008
3653 2004
3654 2005
3655 2005
3656 2006
3657 2008
3658 2004
3659 2004
3660 2009
3661 2006
3662 2005
3663 2006
3664 2008
3665 2008
3666 2009
3667 2007
3668 2000
3669 2008
3670 2008
3671 2009
3672 2005
3673 2006
3674 2007
3675 2008
3676 2009
3677 2007
3678 2005
3679 2007
3680 2007
3681 2003
3682 2009
3683 2008
3684 2002
3685 1997
3686 2008
3687 2006
3688 2008
3689 2006
3690 2005
3691 2008
3692 2007
3693 2009
3694 2004
3695 2006
3696 2008
3697 2005
3698 2008
3699 2006
3700 2005
3701 2008
3702 2009
3703 2007
3704 2008
3705 2007
3706 2006
3707 2009
3708 2007
3709 2006
3710 2006
3711 2005
3712 2003
3713 2004
3714 2009
3715 2009
3716 2005
3717 2008
3718 2003
3719 2006
3720 2005
3721 2005
3722 2007
3723 2009
3724 2005
3725 2007
3726 2008
3727 2004
3728 2007
3729 2004
3730 2008
3731 2007
3732 2004
3733 2006
3734 2008
3735 2008
3736 2003
3737 2007
3738 2003
3739 2007
3740 2004
3741 2003
3742 2007
3743 2002
3744 2007
3745 2005
3746 2006
3747 2007
3748 2007
3749 2005
3750 2009
3751 2007
3752 2006
3753 2009
3754 2009
3755 2008
3756 2006
3757 2005
3758 2005
3759 2009
3760 2008
3761 2008
3762 2004
3763 2005
3764 2008
3765 2008
3766 2006
3767 2006
3768 2007
3769 2007
3770 2008
3771 2005
3772 2009
3773 2009
3774 2009
3775 2006
3776 2009
3777 2005
3778 2007
3779 2008
3780 2001
3781 2009
3782 2007
3783 2007
3784 2004
3785 2002
3786 2009
3787 2007
3788 2007
3789 2007
3790 2005
3791 2006
3792 2005
3793 2004
3794 2007
3795 2007
3796 2005
3797 2008
3798 2008
3799 2009
3800 2008
3801 2005
3802 2008
3803 2008
3804 2004
3805 2004
3806 2009
3807 2008
3808 2007
3809 2005
3810 2006
3811 2005
3812 2009
3813 2009
3814 2008
3815 2007
3816 2009
3817 2004
3818 2004
3819 2002
3820 2007
3821 2009
3822 2008
3823 2005
3824 2008
3825 2008
3826 2008
3827 2008
3828 2007
3829 2007
3830 2009
3831 2006
3832 2008
3833 2005
3834 2007
3835 2007
3836 2007
3837 2007
3838 2007
3839 2009
3840 2009
3841 2009
3842 2006
3843 2008
3844 2007
3845 2008
3846 2006
3847 2006
3848 2005
3849 2004
3850 2004
3851 2009
3852 2004
3853 2006
3854 2008
3855 2005
3856 2007
3857 2004
3858 2005
3859 2007
3860 2009
3861 2009
3862 2008
3863 2005
3864 2008
3865 2006
3866 2009
3867 2009
3868 2005
3869 2006
3870 2006
3871 2009
3872 2009
3873 2008
3874 1994
3875 2008
3876 2002
3877 2007
3878 2008
3879 2006
3880 2003
3881 2005
3882 2009
3883 2009
3884 2009
3885 2004
3886 2008
3887 2009
3888 2005
3889 2008
3890 2004
3891 2006
3892 2002
3893 2006
3894 2009
3895 2009
3896 2004
3897 2008
3898 2006
3899 2007
3900 2006
3901 2008
3902 2005
3903 2006
3904 2008
3905 2006
3906 2006
3907 2007
3908 2009
3909 2007
3910 2006
3911 2006
3912 2008
3913 2004
3914 2009
3915 2005
3916 2006
3917 2004
3918 2009
3919 2006
3920 2008
3921 2006
3922 2007
3923 2007
3924 2005
3925 2007
3926 2007
3927 2007
3928 2006
3929 2004
3930 2008
3931 2003
3932 2009
3933 2007
3934 2008
3935 2007
3936 2006
3937 2007
3938 2009
3939 2009
3940 2004
3941 2007
3942 2008
3943 2009
3944 2002
3945 2005
3946 2005
3947 2005
3948 2004
3949 2000
3950 2009
3951 2007
3952 2003
3953 2007
3954 1977
3955 2009
3956 2008
3957 2007
3958 2004
3959 2007
3960 2009
3961 2008
3962 1975
3963 2007
3964 2009
3965 2008
3966 2004
3967 2005
3968 2009
3969 2007
3970 2007
3971 2007
3972 2004
3973 2007
3974 2004
3975 2004
3976 2004
3977 2008
3978 2006
3979 2008
3980 2007
3981 2008
3982 2007
3983 2007
3984 2008
3985 2005
3986 2008
3987 1947
3988 2005
3989 2007
3990 2006
3991 2006
3992 2005
3993 2007
3994 2003
3995 2009
3996 2005
3997 2006
3998 2005
3999 2009
4000 2005
4001 2008
4002 2006
4003 2005
4004 2005
4005 2009
4006 2004
4007 2004
4008 2005
4009 2004
4010 2008
4011 2006
4012 2008
4013 2005
4014 2008
4015 2004
4016 2009
4017 2009
4018 2003
4019 2004
4020 2005
4021 2005
4022 2003
4023 2007
4024 2005
4025 2009
4026 2009
4027 2005
4028 2009
4029 2008
4030 2005
4031 2008
4032 2009
4033 2007
4034 2008
4035 2003
4036 2004
4037 2009
4038 2009
4039 2008
4040 2006
4041 2002
4042 2005
4043 2006
4044 2007
4045 2003
4046 2009
4047 2006
4048 2003
4049 2007
4050 2007
4051 2001
4052 1999
4053 2004
4054 2008
4055 2004
4056 2007
4057 2007
4058 2006
4059 2007
4060 2006
4061 2006
4062 2007
4063 2008
4064 2009
4065 2009
4066 2009
4067 2005
4068 2003
4069 2004
4070 2008
4071 2007
4072 2006
4073 2008
4074 2008
4075 2006
4076 2009
4077 2005
4078 2009
4079 2009
4080 2006
4081 2008
4082 2006
4083 2008
4084 2004
4085 2005
4086 2009
4087 2009
4088 2007
4089 2004
4090 2005
4091 2004
4092 2008
4093 2005
4094 2005
4095 2005
4096 2004
4097 2007
4098 2008
4099 2009
4100 2006
4101 2007
4102 2001
4103 2005
4104 2000
4105 2008
4106 1900
4107 2007
4108 2008
4109 2008
4110 2008
4111 2009
4112 2007
4113 2006
4114 2005
4115 2003
4116 2008
4117 2007
4118 2007
4119 2008
4120 2009
4121 2005
4122 2004
4123 2008
4124 2008
4125 2005
4126 2004
4127 2007
4128 2009
4129 2002
4130 2005
4131 2007
4132 2004
4133 2008
4134 2005
4135 2009
4136 2004
4137 2008
4138 2008
4139 2007
4140 2008
4141 2004
4142 2009
4143 2005
4144 2008
4145 2006
4146 2006
4147 2006
4148 2006
4149 2008
4150 2008
4151 2004
4152 2002
4153 2008
4154 2009
4155 2004
4156 2008
4157 2008
4158 2007
4159 1975
4160 2004
4161 2007
4162 2006
4163 2007
4164 2007
4165 2006
4166 2006
4167 2004
4168 2004
4169 2007
4170 2006
4171 2007
4172 2009
4173 2007
4174 2006
4175 2007
4176 2009
4177 2009
4178 2007
4179 2003
4180 2003
4181 2008
4182 2008
4183 2006
4184 2009
4185 1956
4186 2007
4187 2006
4188 2006
4189 2006
4190 2008
4191 2005
4192 2004
4193 2007
4194 2009
4195 2006
4196 2003
4197 2007
4198 2009
4199 2008
4200 2005
4201 2006
4202 2007
4203 2006
4204 2008
4205 2007
4206 2009
4207 2009
4208 2007
4209 2006
4210 2008
4211 2007
4212 2004
4213 2007
4214 2005
4215 2005
4216 2003
4217 2007
4218 2003
4219 2003
4220 2005
4221 2007
4222 2009
4223 2006
4224 2005
4225 2007
4226 2006
4227 2007
4228 2005
4229 2009
4230 2009
4231 2003
4232 2004
4233 2005
4234 2004
4235 2006
4236 2008
4237 2006
4238 2006
4239 2008
4240 2005
4241 2009
4242 2006
4243 2007
4244 2005
4245 2004
4246 2005
4247 2006
4248 2009
4249 2007
4250 2007
4251 2006
4252 2008
4253 2009
4254 2007
4255 2009
4256 2005
4257 2005
4258 2008
4259 2008
4260 2008
4261 2008
4262 2007
4263 2009
4264 2005
4265 2006
4266 2005
4267 2008
4268 2006
4269 2007
4270 2003
4271 2005
4272 2007
4273 2008
4274 2007
4275 2004
4276 2007
4277 2006
4278 2008
4279 2008
4280 2005
4281 2005
4282 2006
4283 2006
4284 2008
4285 2006
4286 2007
4287 2008
4288 2008
4289 2007
4290 2005
4291 2009
4292 2008
4293 2007
4294 2005
4295 2006
4296 2001
4297 2009
4298 2006
4299 2001
4300 2005
4301 2008
4302 2009
4303 2009
4304 2005
4305 2010
4306 2007
4307 2007
4308 2005
4309 2009
4310 2007
4311 2002
4312 2006
4313 2004
4314 2007
4315 2005
4316 2006
4317 2007
4318 2006
4319 2009
4320 2006
4321 2010
4322 2007
4323 2004
4324 2007
4325 2007
4326 2006
4327 2005
4328 2007
4329 2005
4330 2003
4331 2004
4332 2007
4333 2008
4334 2005
4335 2006
4336 2007
4337 2006
4338 2008
4339 2006
4340 2001
4341 2008
4342 2008
4343 2006
4344 2007
4345 2009
4346 2006
4347 2009
4348 2008
4349 2003
4350 2009
4351 2007
4352 2005
4353 2009
4354 2009
4355 2005
4356 2009
4357 2009
4358 2006
4359 2009
4360 1979
4361 2002
4362 2002
4363 2008
4364 2009
4365 2007
4366 2005
4367 2008
4368 2002
4369 2009
4370 2006
4371 2006
4372 2006
4373 2003
4374 2008
4375 2004
4376 2007
4377 2007
4378 2008
4379 2006
4380 2008
4381 2008
4382 2005
4383 2002
4384 2008
4385 2005
4386 2009
4387 2005
4388 2002
4389 2006
4390 2003
4391 2008
4392 2008
4393 2008
4394 2007
4395 2004
4396 2008
4397 2003
4398 2005
4399 2000
4400 2010
4401 2005
4402 1968
4403 2008
4404 2003
4405 2009
4406 2008
4407 2006
4408 2004
4409 2010
4410 2007
4411 2006
4412 2001
4413 2008
4414 2005
4415 2009
4416 2007
4417 2004
4418 2009
4419 2008
4420 2004
4421 2004
4422 2008
4423 2007
4424 2004
4425 2008
4426 2008
4427 2008
4428 2005
4429 2006
4430 2005
4431 2002
4432 2005
4433 2005
4434 2006
4435 2010
4436 2003
4437 2004
4438 2004
4439 2007
4440 2007
4441 2008
4442 2008
4443 2008
4444 2004
4445 2005
4446 2007
4447 2005
4448 2006
4449 2005
4450 2007
4451 2008
4452 2002
4453 2006
4454 2005
4455 2003
4456 2005
4457 2003
4458 2005
4459 2007
4460 2006
4461 2005
4462 2008
4463 2007
4464 2009
4465 2008
4466 2005
4467 2006
4468 2009
4469 2006
4470 2009
4471 2006
4472 2009
4473 2006
4474 2008
4475 2009
4476 1995
4477 2009
4478 2004
4479 2008
4480 2001
4481 2006
4482 2008
4483 2006
4484 2009
4485 2008
4486 2006
4487 2005
4488 2007
4489 1996
4490 2006
4491 2007
4492 2009
4493 2008
4494 2009
4495 2006
4496 2007
4497 2000
4498 2005
4499 2008
4500 2005
4501 2006
4502 2004
4503 2010
4504 2009
4505 2009
4506 2006
4507 2007
4508 2007
4509 2009
4510 2007
4511 2007
4512 2006
4513 2003
4514 2003
4515 2000
4516 2008
4517 2006
4518 2005
4519 2006
4520 2007
4521 2004
4522 2008
4523 2004
4524 2005
4525 2002
4526 2007
4527 2009
4528 2008
4529 2008
4530 2005
4531 2007
4532 2005
4533 2008
4534 2004
4535 2004
4536 2006
4537 2008
4538 2010
4539 2007
4540 2009
4541 2005
4542 2007
4543 2001
4544 2000
4545 2005
4546 2009
4547 2007
4548 2007
4549 2005
4550 2008
4551 2006
4552 2005
4553 2008
4554 2007
4555 2005
4556 2008
4557 2008
4558 2005
4559 2004
4560 2006
4561 2007
4562 2009
4563 2006
4564 2007
4565 2005
4566 2009
4567 2009
4568 2006
4569 2007
4570 2007
4571 2005
4572 2009
4573 2004
4574 2009
4575 2004
4576 2006
4577 2003
4578 2007
4579 2009
4580 2007
4581 2004
4582 2005
4583 2007
4584 2005
4585 2006
4586 2005
4587 2007
4588 2004
4589 2006
4590 2006
4591 2007
4592 2007
4593 2009
4594 2005
4595 2002
4596 2004
4597 2006
4598 2009
4599 2009
4600 2005
4601 2005
4602 2006
4603 2005
4604 2007
4605 2004
4606 2005
4607 2007
4608 2007
4609 2008
4610 2008
4611 2005
4612 2006
4613 2009
4614 2004
4615 2006
4616 2006
4617 2007
4618 2007
4619 2009
4620 2006
4621 2008
4622 2004
4623 2009
4624 2009
4625 2005
4626 2007
4627 2009
4628 2006
4629 2008
4630 2006
4631 2006
4632 2006
4633 2005
4634 2009
4635 2004
4636 2007
4637 2003
4638 2005
4639 2007
4640 2008
4641 2009
4642 2002
4643 2009
4644 2008
4645 2006
4646 2006
4647 2004
4648 2005
4649 2008
4650 2009
4651 2007
4652 2007
4653 2005
4654 2009
4655 2005
4656 2009
4657 2005
4658 2009
4659 2008
4660 2008
4661 2009
4662 2003
4663 2008
4664 2007
4665 2005
4666 2008
4667 2006
4668 2009
4669 2006
4670 2008
4671 2008
4672 2006
4673 2009
4674 2005
4675 2010
4676 2008
4677 2009
4678 2008
4679 2009
4680 2009
4681 2004
4682 2005
4683 2007
4684 2008
4685 2009
4686 2009
4687 2006
4688 2009
4689 2009
4690 2009
4691 2007
4692 2007
4693 2003
4694 2003
4695 2009
4696 2005
4697 2007
4698 2006
4699 2004
4700 2007
4701 2005
4702 2008
4703 2006
4704 2007
4705 2006
4706 2008
4707 2008
4708 2010
4709 2009
4710 2008
4711 2009
4712 2005
4713 2008
4714 2008
4715 2006
4716 2001
4717 2007
4718 2008
4719 2009
4720 2008
4721 2009
4722 2009
4723 2008
4724 2009
4725 2004
4726 2009
4727 2006
4728 2006
4729 2004
4730 2008
4731 2008
4732 2010
4733 2009
4734 2009
4735 2006
4736 2004
4737 2001
4738 2007
4739 2002
4740 2004
4741 2007
4742 2004
4743 2008
4744 2007
4745 2008
4746 2009
4747 2009
4748 2004
4749 2006
4750 2006
4751 2008
4752 2008
4753 2004
4754 2008
4755 2002
4756 2006
4757 2007
4758 2007
4759 2010
4760 2005
4761 2008
4762 2008
4763 2009
4764 2009
4765 2005
4766 2008
4767 2007
4768 2004
4769 2006
4770 2008
4771 2009
4772 2006
4773 2003
4774 2004
4775 2005
4776 2004
4777 2006
4778 2004
4779 2009
4780 2008
4781 2007
4782 2007
4783 2006
4784 2004
4785 2005
4786 2005
4787 2009
4788 2005
4789 2009
4790 2009
4791 2009
4792 2009
4793 2007
4794 2003
4795 2007
4796 2006
4797 2006
4798 2008
4799 2008
4800 2009
4801 2005
4802 2006
4803 2006
4804 2004
4805 2008
4806 2007
4807 2006
4808 2009
4809 2008
4810 2006
4811 2006
4812 2002
4813 2008
4814 2005
4815 2004
4816 2008
4817 2006
4818 2004
4819 2007
4820 2008
4821 2008
4822 2006
4823 2005
4824 2006
4825 2008
4826 2008
4827 2007
4828 2007
4829 2008
4830 2005
4831 2009
4832 2008
4833 2007
4834 2006
4835 2006
4836 2008
4837 2004
4838 2007
4839 2007
4840 2003
4841 2005
4842 2008
4843 2008
4844 2009
4845 2004
4846 2008
4847 2009
4848 2008
4849 2006
4850 2007
4851 2006
4852 2009
4853 2004
4854 2008
4855 2007
4856 2008
4857 2009
4858 2005
4859 2006
4860 2008
4861 2008
4862 2005
4863 2009
4864 2006
4865 2005
4866 2009
4867 2007
4868 2008
4869 2009
4870 2008
4871 2006
4872 2005
4873 2007
4874 2007
4875 2004
4876 2006
4877 2004
4878 2004
4879 2009
4880 2007
4881 2009
4882 2006
4883 2008
4884 2006
4885 2005
4886 2005
4887 2006
4888 2000
4889 2007
4890 2004
4891 2004
4892 2004
4893 2005
4894 2007
4895 2006
4896 2008
4897 2003
4898 2005
4899 2006
4900 2008
4901 2009
4902 2004
4903 2008
4904 2006
4905 2008
4906 2007
4907 2009
4908 2008
4909 2006
4910 2007
4911 2005
4912 2008
4913 2008
4914 2008
4915 2007
4916 2005
4917 2009
4918 2006
4919 2007
4920 2006
4921 2008
4922 2008
4923 2006
4924 2006
4925 2008
4926 2008
4927 2004
4928 2004
4929 2009
4930 2005
4931 2009
4932 2009
4933 2005
4934 2009
4935 2007
4936 2008
4937 2006
4938 2003
4939 2007
4940 2006
4941 2008
4942 2009
4943 2008
4944 2006
4945 2006
4946 2006
4947 2006
4948 2009
4949 2006
4950 2009
4951 2008
4952 2008
4953 2006
4954 2004
4955 2004
4956 2007
4957 2005
4958 2006
4959 2009
4960 2005
4961 2005
4962 2005
4963 2009
4964 2005
4965 2004
4966 2009
4967 2004
4968 2007
4969 2008
4970 2005
4971 2008
4972 2007
4973 2004
4974 2009
4975 2009
4976 2004
4977 2008
4978 2007
4979 2005
4980 2004
4981 2007
4982 2007
4983 2009
4984 2007
4985 2006
4986 2004
4987 2007
4988 2009
4989 2007
4990 2009
4991 2004
4992 2009
4993 2005
4994 2009
4995 2007
4996 2008
4997 2008
4998 2006
4999 2008
5000 2008
5001 2007
5002 2009
5003 2009
5004 2005
5005 2006
5006 2007
5007 2009
5008 2007
5009 2007
5010 2005
5011 1998
5012 2005
5013 2005
5014 2008
5015 2009
5016 2009
5017 2004
5018 2008
5019 2006
5020 2005
5021 2006
5022 2006
5023 2009
5024 2007
5025 2005
5026 2008
5027 2004
5028 2007
5029 2007
5030 2004
5031 2004
5032 2007
5033 2004
5034 2009
5035 2007
5036 2009
5037 2005
5038 2008
5039 2007
5040 2008
5041 2009
5042 2005
5043 2009
5044 2004
5045 2008
5046 2006
5047 2008
5048 2007
5049 2007
5050 2007
5051 2006
5052 2009
5053 2005
5054 2006
5055 2009
5056 2007
5057 2006
5058 2006
5059 2008
5060 2008
5061 2009
5062 2005
5063 2009
5064 2005
5065 2009
5066 2006
5067 2009
5068 2008
5069 2004
5070 2005
5071 1977
5072 2004
5073 2006
5074 2007
5075 2004
5076 2008
5077 2008
5078 2010
5079 2004
5080 2007
5081 2008
5082 2004
5083 2004
5084 2010
5085 2007
5086 2006
5087 2008
5088 2009
5089 2008
5090 2009
5091 2005
5092 2005
5093 1997
5094 2009
5095 2001
5096 2007
5097 2007
5098 2008
5099 2006
5100 2008
5101 2008
5102 2008
5103 2008
5104 2005
5105 2007
5106 2009
5107 2005
5108 2008
5109 2004
5110 2005
5111 2008
5112 2007
5113 2004
5114 2007
5115 2006
5116 2008
5117 2006
5118 2006
5119 2004
5120 2005
5121 2004
5122 2005
5123 2007
5124 2003
5125 2008
5126 2006
5127 2007
5128 2005
5129 2008
5130 2007
5131 2000
5132 2006
5133 2005
5134 2008
5135 2002
5136 2006
5137 2005
5138 2006
5139 2003
5140 2003
5141 2005
5142 2005
5143 2007
5144 2009
5145 2005
5146 2009
5147 2005
5148 2007
5149 2007
5150 2006
5151 2004
5152 2009
5153 2008
5154 2008
5155 2004
5156 2004
5157 2004
5158 2007
5159 2008
5160 2007
5161 2004
5162 2006
5163 2006
5164 2008
5165 2005
5166 2007
5167 2008
5168 2006
5169 2006
5170 2005
5171 2005
5172 2007
5173 2006
5174 2006
5175 2005
5176 2008
5177 2009
5178 2005
5179 2004
5180 2007
5181 2004
5182 2008
5183 2008
5184 2006
5185 2007
5186 2008
5187 2007
5188 2009
5189 2004
5190 2007
5191 2008
5192 2007
5193 2006
5194 2009
5195 2008
5196 2009
5197 2008
5198 2005
5199 2008
5200 2007
5201 2002
5202 2006
5203 2009
5204 2004
5205 2006
5206 2008
5207 2004
5208 2005
5209 2008
5210 2007
5211 2007
5212 2004
5213 2008
5214 2008
5215 2009
5216 2004
5217 2009
5218 2009
5219 2008
5220 2005
5221 2002
5222 2007
5223 2002
5224 2004
5225 2003
5226 2006
5227 2006
5228 2008
5229 2007
5230 2006
5231 2008
5232 2007
5233 2008
5234 2005
5235 2005
5236 2003
5237 2007
5238 2006
5239 2005
5240 2010
5241 2007
5242 2004
5243 2006
5244 2003
5245 2004
5246 2007
5247 2006
5248 2009
5249 2008
5250 2006
5251 2007
5252 2008
5253 2005
5254 2009
5255 2005
5256 2007
5257 2007
5258 2004
5259 2006
5260 2007
5261 2005
5262 2007
5263 2010
5264 2007
5265 2005
5266 2009
5267 2008
5268 2010
5269 2009
5270 2005
5271 2010
5272 2009
5273 2009
5274 2007
5275 2005
5276 2009
5277 2006
5278 2008
5279 2009
5280 2008
5281 2008
5282 2008
5283 2006
5284 2003
5285 2006
5286 2009
5287 2008
5288 2009
5289 2004
5290 2006
5291 2009
5292 2004
5293 2004
5294 2005
5295 2007
5296 2008
5297 2003
