0 633 1862 2582
1 2 652 654
2 1 332 1454 1666 1986
3 2544
4 1016 1256 1761 2175 2176
5 1629 1659 2546
6 373 1042 1416 1602
7 208
8 269 281 1996
9 723 2614
10 476 2545
11 1655 1839
12 1001 1318 2661 2662
13 1701 1810
14 158 2034 2075 2077 2668
15 1090 1093 1271 2367
16 970 1632 2444 2642
17 24 927 1315 1316 2140
18 139 1560 1786 2082 2145
19 1939
20 1072 2269 2270 2374 2375
21 1043 2310
22 39 1234 1702 1703 2238
23 2159
24 17 201 598 1636 1701 2139 2141
25 1301 1344 2011 2317
26 99 122 123 2454 2455
27 606 1810 2360 2578
28 1687
29 963 2645
30 697 738 1358 1416 2162 2343
31 1594
32 279 518 1850 1973
33 286 588 698 911 1051 2040 2119 2120 2121
34 1358
35 895 1296 1913
36 1146 1505 1552 1640 1781 2094 2106 2107
37 60 1190 2427
38 429 862 863 1160
39 22 1349 1522 1532 1634 1965 2357
40 507 866 1364
41 175 596 644 1914
42 87 1372
43 152 963 1530 1653 2399 2400
44 1582 2624 2701
45 733 1219 1986 2303 2667 2668
46 1604 2366
47 163 1579
48 598 714 1031 1662 1666 2041 2205 2206 2471
49 1666 2034
50 1441
51 457 710 1392 2213 2214 2215
52 1139 1467 2053 2172 2182
53 1103 1358 1739
54 401 767
55 60 210 323 651 771 787 815 1079 1156 1983 2020 2021
56 412 447 1616 1849
57 2418
58 1715
59 105 580 609 615 1067 1287 1358 1627 1725 2651
60 37 55 1527
61 1080 1309 1416 2162 2312
62 485
63 1322
64 1209 1737 2616
65 239 543 619 771 1156 1293 1628 2021 2418 2419
66 2631
67 282 540 2628
68 391 1358 1986
69 604 1013 1351 1914 1920 1926 2189
70 441 2184
71 206 1986 2691
72 1103 1358
73 449 558 797 876 1035 1136 1189 1214 1358 1723 1745 1751
74 544 586 1042 1118 1416 1517 2052 2155 2419
75 84 583 2222 2223 2224 2225
76 88 2018 2178
77 659 1803
78 1219 1329 1418
79 603 2097
80 257 1117 2049
81 347 423 527 2180
82 1138 1634
83 1520 2581
84 75 284 2223 2224 2226
85 1065 2487 2488
86 429 1336 2034 2295
87 42 842 2164
88 76 130 162 300 415 498 696 737 743 815 841 851 1174 1288 1309 1394 1494 1527 1658 1677 1713 1732 1741 1847 1882 1908 2010 2011 2012 2013 2014 2015 2016 2017 2178 2394
89 258 884 1087 1094 1157 1401 1530 1585 1653 2463
90 155 156 817 1358
91 330 1046 2001 2122 2123 2380
92 898 1836
93 550 950 1495 2151
94 195 586 675 733 934 1649 1966 2263 2355 2357 2490
95 334 456 693 734 736 861 1303 1535 1580 1602 1628 1838 2054 2074 2181 2182 2183 2197 2199 2200 2201
96 2217
97 661 1353
98 1521
99 26 122 123 2454 2455 2604
100 1602 2056
101 281 1358 1589
102 109 1251 1448 1561 1623 1871 1878 2256
103 139 306 484 608 1775 1790
104 401 864 1065 2210
105 59 1721 2476 2651
106 2461
107 541 971 1113 1650
108 1647 2157 2209
109 102 124 133 153 176 236 289 306 318 426 459 519 563 610 1045 1337 1346 1624 1661 1769 1772 1779 1785 1787 1789 1805 1998 2045 2092 2093 2094 2095
110 567 1161 1262 1599 2279
111 758 1169 1358 1762 2492 2643
112 306 487 1623 2080
113 540 747 1884
114 610 2288 2506
115 973
116 1076 1501
117 259 2537
118 255 388 446 454 554 581 842 1029 1343 1507 1538 1616 1690 1851 2010 2030 2112 2165 2166
119 379 646 1537 1549 1901 1959
120 483 514 816 1842 2405
121 589 802 980 1158 1910 2251 2252
122 26 99 2454 2455
123 26 99 2455 2604
124 109 306 1367 1622 2478
125 458 2363
126 236 306 1551 1623 2045 2079
127 2604
128 233 370 392 2270
129 441 701
130 88 1982 2017
131 834 2169
132 379 479 904 1022 1959
133 109 399 452 1623 1670 1777 1784 2045 2082
134 406
135 137 2095 2144
136 831
137 135 2144 2329 2504
138 236 306 1776
139 18 103 306 660 910 1623 1780 2045
140 582 623
141 740 1002 2034
142 456 525 1628 2049 2181
143 316 598 1701
144 145 213 1593 2192
145 144 213 537 1165 1593 2622
146 897 1468 1907 1927 2059
147 1519 1976
148 378 381 602 714 2518
149 1080 1416 1655 2025
150 310 914 1942
151 1986 2236 2238 2335
152 43 884 2238 2240
153 109 236 306 459 1623 2045
154 326 364 819 1238 1339 1358 1444 1568 1752 1753 1754 2525
155 90 156 817 1358 1689 1736 1763
156 90 155 817 1358 1689 1763
157 598 1701 1870 2493
158 14 180 1701 2034
159 180 2308
160 277 553 743 745 1986 2000 2009
161 842 2010
162 88 323 1174 1268 1667
163 47
164 210 211
165 598 1473 2706 2707
166 271 2617
167 168 1056 2437 2482
168 167 2437 2438
169 1994 2706
170 1067 1358
171 775 790 1548
172 240 512 756 1692 2187
173 687 1033 1358 1586
174 629 1358 1742 2334
175 41 596 955 1914 2135 2217 2388
176 109 231 973
177 726 1639 2679 2682
178 833
179 197 231 1986
180 158 159 775 790 791 1020 1807 2004 2037 2076
181 1013 1359 1464 1683
182 183 997
183 182 997 1837
184 520
185 297 2003
186 1228 1319 1536 1672 2580 2702
187 1208
188 1169 1727
189 564 1072 1262 1509
190 491 2135
191 382 608 1677 1791 1998 2385
192 2472
193 441 458
194 473 1050 1451 2564 2646
195 94 2424
196 429 442 2122
197 179 231 2412
198 1255
199 420 1869
200 1439 2676
201 24 297 570 598 1701 1986 2430
202 353 1173 1250 1345
203 854 857 963 1115 1869
204 415
205 1701 1869
206 71 2691
207 833
208 7
209 2681
210 55 164 1079 1614 1626 1671 1905 1906 1907 2309
211 164 356 1394 1908 1909
212 1290
213 144 145 1593 2192
214 2194
215 1701 1986 2045
216 1542 1701
217 243 2473 2474
218 482 733 781 792 1020 1348 1382 2076 2091 2119 2594
219 507 1413 1542
220 376 817 913
221 817
222 821
223 744 1154 1761
224 1810 2034
225 2255
226 1701
227 534 883
228 322 848 1358 1721 1871
229 1053 1405 1894 2118
230 549 577 1095 1217 1810
231 176 179 197 232 387 551 1701 1868 2217
232 231 869 1701 1864 1986
233 128
234 610 2591
235 1701
236 109 126 138 153 306 1072 1572 2045 2046 2078 2079
237 2539
238 1828
239 65 619 887 910 1069 1220 1274 1376 1759 1909 2021 2182 2418
240 172 512 756 1472 1692
241 1441
242 279 838 1131 2280
243 217 473 2474 2647 2648
244 565 1072 1358 1610
245 782 1162
246 936 1358 1687 2515
247 2583
248 1264 1531 1964
249 621 1884 1978
250 2429
251 253 507 812 1300 1413 1542 1933
252 711 973 1973 2485
253 251 507 1413
254 507 1211
255 118 1266 1343 2112
256 756
257 80 964 1388 2180
258 89 963 1094 1153 1240 1401 2645
259 117 2537
260 365
261 873 1479 1701 1894
262 1351 1464
263 364 732 1103
264 472 844 1826 1902
265 1441
266 578 809 2227 2229
267 670 2000 2373
268 1740 2451
269 8 321 418 2543 2551
270 279 838 1195 1215 2280
271 166 638 1970 2387 2498
272 2012
273 374 846
274 748 749
275 805 1967
276 1463 1695 2133
277 160 553 696 973 1869
278 1185
279 32 242 270 304 502 666 838 1195 2165 2280 2344 2423
280 1535 2155
281 8 101 746 1000 1347 1382 2244 2247
282 67 747
283 1559 2250
284 84 583 2222 2223 2224 2225 2226
285 502 1999
286 33 442 698
287 2705
288 618
289 109 1358 1722
290 328 567 687 1765 2359
291 1692
292 2562
293 2038
294 306 2047
295 1176 1177
296 732 2685
297 185 201 598 899 1542
298 607 1095 1325
299 1484 2383 2386 2387 2498
300 88 415 634
301 1169 2492
302 306 350 719 1158 1253
303 719 1670 2143
304 279 1172 1857 2423
305 1416 1927
306 103 109 112 124 126 138 139 153 236 294 302 308 329 350 417 426 452 476 487 519 542 554 573 581 608 655 656 719 887 910 958 973 1009 1045 1072 1158 1193 1245 1251 1346 1367 1483 1490 1551 1572 1584 1640 1651 1656 1705 1770 1771 1772 1775 1779 1781 1782 1787 1797 1798 1799 1802 1804 1805 1856 2045 2046 2048 2078 2080 2084 2085 2086 2087 2088 2089 2090 2091
307 991
308 306 350 1253 1670 2045
309 383 2268 2305
310 150 352 875 892 990 1241 1272 1331 1581 1815 1944 1945 1946 1947 1948 1949 1950
311 343 690 1132 1865
312 1610 1722 1740
313 2296
314 1623 2000
315 408 423 1602 1921 2232
316 143 598 766 845 920 1073 1297 1821 1868 2004
317 1624 1785
318 109 563 1701 2045
319 1205
320 348 1597
321 269 1083 1450
322 228
323 55 162 498 2020 2022
324 827 2156 2194
325 787 1848
326 154 1358 1754
327 928 1325 1996 2063 2064
328 290 951 1250
329 306 1798 2598
330 91 1505 2123
331 1527 2480
332 2 665 2003 2122 2615
333 1358 1694
334 95 693 1013
335 1701 1986
336 1944 1950
337 1214 1358 1499 1776
338 1413 1542 1934
339 813
340 584 2463
341 613 1358 1389 1546 2045
342 1072 1512
343 311 1701
344 389 441 661 854 2323
345 833
346 999 1358
347 81 408 423 525
348 320 1643 2248 2250
349 419 465 2427
350 302 306 308 406 656 1623 1640 1775 1778 1782 2084 2085 2089 2090
351 1810
352 310 1294 1944
353 202 1173 1345 2507
354 659 1803 2453
355 1668
356 211 498 1259 2018 2116
357 657 1154 1358 2652
358 2642
359 389 1483 1620
360 1409 1824
361 2681
362 1966
363 1003
364 154 263 732 819 970 1306 1358 1606 1632 1756 2642
365 260 2469
366 553 745 1583 1986
367 2083 2451
368 428 996 1194 1366 1545 2249 2393
369 385 2484
370 128 1408 1414 1415 2269
371 720 1354 1414 1415 1441 1553 2375
372 626 1710 1834 2377
373 6 1025 1042
374 273 413 846 1101 2146 2147 2149
375 963 2401 2434 2435
376 220 672 1583
377 678 733 1265 2291
378 148 602
379 119 132 904 1022 1898 1959
380 477 930 2569
381 148 2518 2538
382 191 1203 2034
383 309 733 1704 2268
384 1623 1624
385 369 2483 2484
386 2114 2115 2117
387 231 519 2191
388 118 1899 2497
389 344 359 704 905 1077 1483 1743 2450
390 1108
391 68 493 1986 2365
392 128 720 1415 1619 1825 2269
393 739
394 577 849 1063 1064 2351
395 640 1147 2367
396 1217 1988
397 665 879 1096 2329
398 730 2177
399 133 544 1089 1769 2107
400 1354
401 54 104 733 1065 1096 1160
402 507 776 1413 1542 1932 1936 1940
403 464 806 1037 1383 1742 2503 2654
404 1170 1476
405 738 1275 1927 2059
406 134 350 505 2505
407 409 695 1681 1682
408 315 347 525 734 1841 2056
409 407 1624 1681 2084
410 676 1179
411 1096 1488 1577 2609
412 56 1616 1849
413 374
414 711
415 88 204 300 525 593 737 818 851 966 1174 1309 1527 1644 1677 1843 1847 1850 1908 2014 2178 2182
416 519 1701
417 306 1072 1871 2034 2494
418 269
419 349
420 199 1869
421 2213 2216
422 545
423 81 315 347 525 527
424 436 1203
425 2466
426 109 306 487 1772 1777 1782 1789 1805
427 565 1528
428 368 996 1257 2248 2671
429 38 86 196 523 705 794 863 1493 1618 1669 1807 1889 2001 2041 2043 2044
430 2130
431 2694 2695
432 1442 1597
433 436 756
434 1117 1524 1693 2133 2408
435 486 733 1912
436 424 433 483 498 668 816 878 885 1039 1131 1332 1494 1977 1978 1979 1980 1981 1982
437 498 718 950 1495 1985
438 718 787 1667 1983 1984 1985
439 1169 1642
440 441 725 895 1296 1913 2179
441 70 129 193 344 440 454 671 1455 1537 2094 2184
442 196 286 588 627 698 1051 2120 2362
443 1010 1264 1531 1966
444 488 515 582 623 828 2289 2290 2464
445 909 1434
446 118 903 1507
447 56 1616 1849 2638
448 472 1824 1826 1902
449 73 1280 1834 2581
450 1569 2538
451 671 935 2285
452 133 306 1258 1623
453 1806 2305 2306
454 118 441 581 973 1441 1661 1917 2022 2188 2189 2190
455 1664 2147 2486
456 95 142 525 544 667 1580 2054 2199 2347 2472
457 51 1201 2215 2216
458 125 193 1122 1276 1555 1953
459 109 153 1623 1681
460 1986 1989 2532
461 1203 2309
462 1048
463 1702 1703 1964 1966
464 403 1758 2444 2445
465 349 896 1403 1869 2304
466 970 1305 1358 1738 2546
467 1172 1701 1708
468 647 1311 1313
469 620 2304 2412
470 652 854 857 1097 1115
471 1013 2013 2394
472 264 448 559 844 1182 1183 1825 2029
473 194 243 1575 2647
474 1181
475 2219
476 10 306 1140 1800 1986
477 380 930 2569
478 514 1978 2024
479 132 1880
480 598 687 1426 1710 2359 2372
481 823 1287 1810 2291
482 218 790 1807 1810 1812 1814 2230 2307 2308
483 120 436 816 2405
484 103 542 1367 1699 1775 2046 2081
485 62 839 1042 2219
486 435 2077 2667 2668
487 112 306 426 655 859 1705 1772 1773 1782 1798 2026 2080
488 444 2547
489 1358 2390 2391
490 826 1131 1309 1463 1879 1973 1981 2099 2105
491 190
492 688 956 1257 1533 2538 2673 2678
493 391 1244 1759
494 2614
495 1327 1328 2192
496 596 711 992
497 2419
498 88 323 356 436 437 1652
499 2457 2458
500 2241
501 1358 1765
502 279 285 1976
503 576 1692 2001
504 1973 2394 2396
505 406 573 843 1180 1251 1258 1304 1448 1560 1779 2083
506 1013 1352 1914 1918
507 40 219 251 253 254 402 812 1176 1211 1300 1363 1413 1931 1933 1936 1940 1941 2508
508 2325
509 1101 2146 2148
510 1013 1131 1171
511 549 1810
512 172 240 756 1472 1692
513 565 657 1528
514 120 478 1314 1882 1978
515 444 623 1102 2464 2465 2547
516 1882 2104
517 952 2105
518 32 666 1373 2423
519 109 306 387 416 598 836 1346 1574 1670 1986 1998 2045
520 184
521 598
522 2097
523 429 949 2406
524 552 979 1169 1358 2476
525 142 347 408 415 423 456 1540 1628 2054 2057 2172 2180 2181 2182 2183
526 565 1007 1216 1742
527 81 423
528 803
529 1417 1419 2260
530 1013 1505 2094
531 606 2308
532 1701 1863
533 1742 2466
534 227 609 629 933
535 2392 2641
536 567 1894
537 145 1165 1593 1698 2192
538 1286
539 711 1616 2155
540 67 113 747 1441 2527
541 107 647 904 1022 1360 1896
542 306 484 1245 1623
543 65 984
544 74 399 456 1580 1769 2052 2199 2347
545 422
546 1608 2127
547 598 1701
548 809 843 1523 1937 2138
549 230 511 1497 1810
550 93
551 231 2388
552 524 1169 1358 2201
553 160 277 366 745 1127 1583 1995 2009
554 118 306 685
555 1463
556 1623 1805
557 1725
558 73 876 1189 1706 2585
559 472 1182 1579
560 774 2526
561 1016
562 704 1483 1735 2450
563 109 318 1337 1701 2045
564 189 1262 2476
565 244 427 513 526 687 1038 1361 1398 1528 1610 1723 2279
566 1907 1986
567 110 290 536 631 760 1262 1513
568 1116 1223 1810
569 1759 2512
570 201 2430
571 696 1570
572 1416 2025 2418
573 306 505 643 1313 2407
574 576 1692 2001
575 2283
576 503 574 665 1810 2348
577 230 394 849 870 906 1063 1129 1518 2351 2352 2353 2354
578 266 1105 1879 1974
579 994 1134 1808
580 59 744 1358 1742 1758 1765 2444 2445
581 118 306 454 1616 1623 1792
582 140 444 2548 2549
583 75 284 2224 2225
584 340 623 2289 2463 2464
585 2526
586 74 94 1218 1224 2155
587 1032
588 33 442 698 2383
589 121 980 1158 1624
590 1441 1954
591 642 1017 1078 1423 2472
592 2669
593 415 1115 1474
594 663 2195
595 1016 1256 2176
596 41 175 496 644 992 1914
597 1104 1628
598 24 48 143 157 165 201 297 316 480 519 521 547 637 766 845 869 968 1003 1100 1107 1297 1299 1301 1473 1573 1636 1821 1823 1864 1870 1875 2138 2707
599 1093 1271
600 2394
601 2229
602 148 378
603 79 716 795 1248 1821 1873 2045
604 69 1351 1652 1914 2109
605 1107 2534
606 27 531 1666 2230 2360 2361
607 298 1213 1664
608 103 191 306 1623 2080
609 59 534 883 1041 1358 2446 2447 2448
610 109 114 234 826 2287 2288 2481
611 2690
612 2235
613 341 1358
614 888 1475 2470
615 59 2443
616 1358 1739 2365 2503
617 705 2034
618 288 938
619 65 239
620 469 923 2534
621 249 1332 1978 2018
622 886 1002 1951 1952
623 140 444 515 584 2289 2464
624 1042 1232
625 1024
626 372 1358 2556 2558
627 442 2122 2238 2335
628 1169 1725 1764 2546
629 174 534 883
630 973
631 567 2358
632 1430
633 0 1701 1866
634 300 2227
635 2058
636 2233
637 598 1641
638 271 783 808 893 924 1773 2387
639 900
640 395 765 894 1090 1598 2420
641 2704
642 591 2472
643 573 1167 1538 2407
644 41 596 711 728 1258 2177
645 891 950 1267 1358 1495 1824 1826 1895 1898 1899 1900 1901
646 119
647 468 541 904 1267 1360
648 1441
649 1171 1457
650 819 1250 1486 1557 1685 1756 2083
651 55 885 1667 1984 2023 2024 2156
652 1 470
653 1231
654 1
655 306 487 2080
656 306 350 2090
657 357 513 867 871 1229 1254 1729 1740 2440 2442 2522 2523
658 2147
659 77 354 1803
660 139 1623
661 97 344 807 830 935 1028 1045 1353 1878 1879 1880 1881 1882 1883 1884 1885
662 932
663 594 2195
664 1701
665 332 397 576 2120 2122
666 279 518 1850 1973
667 456 2364 2472
668 436
669 729 1086 1124
670 267 2606
671 441 451 973 2025
672 376 2456
673 1907 1986
674 1907
675 94 2356
676 410 1955 2235
677 954
678 377 733
679 1395
680 2199
681 1171 1445 1446 1986
682 973 1224
683 834 2169
684 1282 1358
685 554
686 1358 2366
687 173 290 480 565 1033 1171 1358 1546 1586 1610 1710 1721 1725 2359 2372
688 492 1257
689 1169 1292 1317 1358 1721
690 311
691 2034 2130
692 2629
693 95 334 763 1851 2108
694 1478 2516
695 407 948 1012 1336 1681 1682 1790 1998 2319
696 88 277 571 1570
697 30 1080
698 33 286 442 588 1015
699 1701 2045 2327
700 1691
701 129 735 739 2062
702 777 779 822 993 1368 1637 2069 2070 2101
703 801 1961 2497
704 389 562 969 1412 1483 1743 2113 2450
705 429 617
706 805 963 1240 2238 2645
707 763
708 836 1358 2212 2216
709 1896 1903
710 51 1392 2212 2213
711 252 414 496 539 644 1285 2111 2112 2113
712 850 1464 2480
713 1044
714 48 148 1385
715 2291
716 603 1810 1821 2409
717 1907
718 437 438 1416 2059 2261
719 302 303 306 1623 1810
720 371 392 1441
721 1034
722 1273 1567 1874 2500 2501
723 9 2614
724 1344 2394 2395
725 440 1104 1137 1652 2071
726 177 1533 2671
727 1386 2570
728 644 1070 1296 2388 2553
729 669 1159 1221 1701 2534
730 398
731 901 1279 2199 2203
732 263 296 364 1756 2685
733 45 94 218 377 383 401 435 678 759 794 862 1062 1160 1192 1265 1294 1329 1682 1817 1818 2008 2011 2035 2268 2291 2301 2302 2303 2304
734 95 408 736 751 964 1006 1388 1841 2056 2197 2202 2277
735 701 739 1237 1543 1881 1958 2060 2061 2062
736 95 734 751 964 1006 1388 1631 1841 2197 2202
737 88 415 1269 1630 1974 2136 2178
738 30 405 1080 1927 2162
739 393 701 735 1237 1543 1881 1958
740 141 1002 2033
741 831 1011 1088 1282 2093
742 1483 1620 1743
743 88 160 745 1239 1570 1986
744 223 580 1154 1358
745 160 366 553 743 1127 1986 1995 2009
746 281 1303 2006
747 113 282 540 1538
748 274 1103 1145 1169 1358 1374 1550 1568 1617 1732 2553
749 274 1333 2155
750 1441
751 734 736 1204 2198 2202
752 957 2083 2451
753 1269 1880
754 1358 1483 2450
755 1277 1898 2071
756 172 240 256 433 512 885 1469 1472 1692 2186 2187
757 1284 1358 2421
758 111 1358 1762 2492
759 733 1703
760 567 985 1426 1513 2459 2460
761 1401 1443
762 859 2448
763 693 707 1635
764 796 1358 1606 1612
765 640 1147 2367
766 316 598 845 1297 1868
767 54 873 1701 2314
768 1566 1723 1724
769 1927
770 1894 2117
771 55 65 1080 1156
772 908
773 1072 1505
774 560
775 171 180 2075
776 402 1413 1542
777 702
778 779 1224 1370 1914 1919
779 702 778 1224 1370 1592 1914 1919 1973
780 2341
781 218 2402
782 245
783 638 893 1061 1143 2376
784 960 1701
785 1664
786 947
787 55 325 438
788 1031 1952 2033 2041 2205
789 1240 1703
790 171 180 482 1548 1810
791 180 2034 2130
792 218 1488 1558 1986 2555
793 1896 1902 1903 2592
794 429 733 863 1160 1590
795 603 1645 1810
796 764 1103 1317 1358
797 73 800 1358 1833 2359
798 1381 1793 1794 1795
799 961
800 797 820 889 1834
801 703 1470 1961 2516
802 121 1307
803 528 2100
804 1307
805 275 706 963 2236
806 403 1383
807 661 1226 1955 1956
808 638 924 1785 2383
809 266 548 1115 2228 2229
810 1068
811 855 900
812 251 507 1300 1413 1542
813 339 2376
814 893 1158 2382 2383
815 55 88 1174 1344 2017 2018
816 120 436 483 1842 1980 2282 2405
817 90 155 156 220 221 1736 1763 2456
818 415 1999
819 154 364 650 1358 1606
820 800 889
821 222
822 702 1973
823 481 1169 1358 1765 2221
824 1831
825 1765
826 490 610 2287 2528
827 324 1039 1921 1999
828 444 1795 2464
829 1816
830 661 1914 2100
831 136 741 1011 1358 1638 1733 2093
832 2600
833 178 207 345 1130 1641 1678 2036 2495 2595
834 131 683 876 2168
835 1121 1134 1654 1810
836 519 708 1013 1131 1343 1572 2078 2403
837 1422 2248 2670
838 242 270 279 868 1131 2280
839 485 965 2277
840 1903 2481
841 88 2034
842 87 118 161 2016
843 505 548 2339 2542
844 264 472 1902
845 316 598 766
846 273 374 2146
847 2189 2422
848 228 985 1373
849 394 577 1993 2351
850 712 1464 2278
851 88 415 1309 2018
852 1800
853 1169 1358 1762
854 203 344 470 857 935 1097 1884
855 811 2493
856 1390 2248
857 203 470 854 1097 1246
858 2182 2502
859 487 762 1030 1199 2096
860 1427 1527 1758
861 95 1397 2068 2330
862 38 733
863 38 429 794 1160 1590
864 104 1065 2210
865 2653
866 40 1049
867 657 871 1229 1252 2439 2440 2442 2522 2523
868 838 988 1195 1341 1526 1844 2099 2276
869 232 598 1440 1701 1864
870 577 1119 2126
871 657 867 1229 2530 2652
872 1340 1413 1542
873 261 767 1358 1479 1708 2313
874 1701
875 310 914 1942 1945 1950
876 73 558 834 1358 2168 2584
877 1176 1177 1300 1413 1542 1935
878 436 885 2326
879 397 1558
880 973 1013
881 1155 1199
882 1358
883 227 609 629 933
884 89 152
885 436 651 756 878 1039 2024 2386
886 622 1400
887 239 306 910 1623 1624
888 614 1475 1556
889 800 820 1830 1831 1832
890 1269 1314
891 645 1674 2608
892 310 1950
893 638 783 814 911 1051 2383
894 640 1845 2367
895 35 440 1187 1296 1913
896 465
897 146 1152 1156 1410 1494 1907 1983 2295
898 92 1835 1836 2160
899 297 1055 1858 1986
900 639 811
901 731 1042 1279 2073 2186 2199
902 1284 1358 1604
903 446 2030 2031
904 132 379 541 647 1312 1360 1959
905 389 1282 1483 1620
906 577 2351 2353
907 1351 1916
908 772 1013
909 445
910 139 239 306 887 1623 2085
911 33 893 1051 1534 2376
912 2130
913 220
914 150 875
915 1035 1740 2415 2597
916 1026
917 2639
918 1098 1542 2065
919 1358
920 316 1893
921 1914 2134 2293
922 1307 1406
923 620
924 638 808 2383
925 1222
926 1862
927 17 1316 2140
928 327 1326 2063
929 1358 2627
930 380 477 2569
931 1433
932 662
933 534 883 1038
934 94 2356
935 451 661 854 973 1873
936 246 1067 2515 2530 2641
937 1180 1304 2096
938 618 2027 2230
939 2173
940 1829
941 2517
942 1924 1952
943 1196
944 2138
945 1072 1512 1911 2388
946 1966 2623
947 786
948 695 1395 1681 1682
949 523
950 93 437 645
951 328 1358
952 517 2546
953 2565 2566 2567
954 677 1112
955 175 1482 1914
956 492 2677
957 752 1154 1358 1557 1685 1757 2083 2167
958 306 1072 1798
959 2529
960 784 1776 2650
961 799 1728 2555 2599
962 1062 1665 1806 1807 1808 1809 1810
963 29 43 203 258 375 706 805 1094 1141 1157 1417 1443 1703 1785 2240 2399 2400 2401 2434
964 257 734 736 965 1388 2198
965 839 964 1693 2197
966 415
967 2659
968 598 1603 1986
969 704 1483 1735 1743 2450
970 16 364 466 1358 2365
971 107 1650
972 1000 2247 2579 2580
973 115 176 252 277 306 454 630 671 682 880 935 1072 1142 1583 2016 2019 2153
974 1496
975 2097
976 998 1431
977 1281
978 998 1358
979 524 1303 1503 1839 1957 2207
980 121 589 1367 1623
981 1159 1221
982 1091 1256 1458 2175 2176
983 2130
984 543 1068 2265
985 760 848 1073 1149 1358
986 2697
987 1175
988 868
989 1507 1645 2285 2436
990 310 1054 1542
991 307
992 496 596
993 702 2155
994 579 1219 1329 2309
995 1309 1912 2385
996 368 428 1135 1257 2248 2518
997 182 183 1837
998 976 978 1103 1284 1431 2365
999 346 1358
1000 281 972 1325 2543
1001 12 2662
1002 141 622 740 1952 2033 2034
1003 363 598 1373 1687 2607
1004 1489 1810
1005 1541
1006 734 736 1302
1007 526 1154 1742 2466
1008 1416 1922 2059 2575
1009 306 2096
1010 443 1966
1011 741 831
1012 695 1336 1681 1682 1797
1013 69 181 334 471 506 510 530 836 880 908 1120 1293 1403 1464 1521 1583 1625 1644 1661 1675 1729 1840 1841 1842 1843 1844 1845 1846 1847 1848 1849 1850 1851 2045
1014 1558
1015 698 1068 1143 1385 1425 1452 1481 1519 1618 1788 1789 2262 2263
1016 4 561 595 1256 2176
1017 591 1475 2472
1018 2378
1019 1457
1020 180 218 2075 2077 2667
1021 2309
1022 132 379 541 1168 1276 1961 1962 1963
1023 1701 1986 2568
1024 625
1025 373 1042
1026 916 1303 2034 2531
1027 2394
1028 661
1029 118 2166
1030 859
1031 48 788 1952
1032 587
1033 173 687 2168
1034 721
1035 73 915 1433 1486 1740 1801 1833
1036 2562
1037 403 2447 2654
1038 565 933 1358 2503
1039 436 827 885
1040 1169 1317 1358 1765
1041 609 1243 1358 1466 2390 2448
1042 6 74 373 485 624 901 1025 1047 1118 1125 1198 1481 1517 1628 1925 1926 2051 2052 2054 2055 2073 2198 2333
1043 21 2309
1044 713
1045 109 306 661 1571 1773
1046 91 1510 2336 2387 2587
1047 1042 1588 2333
1048 462
1049 866 1432 1894 2610
1050 194 1081 1230 1320 1342 1380 1569 1634 2563 2564
1051 33 442 893 911 2122 2383
1052 1701
1053 229 1405
1054 990 1099 1432 1577 1605 1950
1055 899 1577
1056 167 2482
1057 2409
1058 1195
1059 1600
1060 1441
1061 783 1196 2376
1062 733 962 1192 1810
1063 394 577 1518
1064 394 2351 2352
1065 85 104 401 864 1096 1699 2211
1066 1574
1067 59 170 936 1216 1830 2307 2448
1068 810 984 1015
1069 239
1070 728 1072 1167 1358 1470 1725 1829
1071 1135 1257 2248 2671
1072 20 189 236 244 306 342 417 773 945 958 973 1070 1262 1358 1478 1483 1505 1725 1733 1740 1784 1797 1798 1799 1800 1801 1802 1803 1804 1805
1073 316 985 2163
1074 1501 1675 1676
1075 1124 1701
1076 116
1077 389 1483 2113 2450
1078 591
1079 55 210 1218 1914
1080 61 149 697 738 771 2162 2344
1081 1050 2563
1082 1534 2386
1083 321 1232 1450 2114
1084 1213
1085 1421 2109 2110 2394
1086 669 1124 2247 2579
1087 89 2434
1088 741 1089
1089 399 1088 1552 2086
1090 15 640 1093 1147 1271 1598 2367
1091 982 1256 2176
1092 1106 1171 2501
1093 15 599 1090 1271 1598 2367
1094 89 258 963 1369 1443 1653
1095 230 298 1325 1810 1986 2613
1096 397 401 411 1065 1633
1097 470 854 857 1115 1869
1098 918 1477 2066 2067
1099 1054 1577 1607
1100 598 1701
1101 374 509 1242 2146 2148
1102 515 1207 2290 2464 2465
1103 53 72 263 748 796 998 1123 1284 1358 1480 1520 1718 1748 1760 1886 1887 1888
1104 597 725 2264
1105 578
1106 1092 1874 2501
1107 598 605 1810 2243 2379
1108 390
1109 1533 2671 2674 2675
1110 1120 1224 2025 2295
1111 1119 1273 2125 2126 2129
1112 954
1113 107 1650
1114 1717 2560
1115 203 470 593 809 1097 1529 2276
1116 568 1223
1117 80 434 1628 2499
1118 74 1042 1416 2155
1119 870 1111 1235 1273 1462 1663 1697 2124 2125 2126 2127 2128 2129
1120 1013 1110 1583 2025 2194
1121 835 1131 1410 1655 1810 2136
1122 458
1123 1103 1358
1124 669 1075 1086
1125 1042 2332
1126 1823
1127 553 745 1583 1986
1128 1441 1954 2275
1129 577 1518 2351 2352 2353
1130 833 2495
1131 242 436 490 510 836 838 1121 1133 1215 1224 1500 1538 1655 1909 1930 2155 2185 2280 2281 2282 2283
1132 311
1133 1131 1500 1538 2185
1134 579 835 2296
1135 996 1071 1257 2248 2518 2671 2678
1136 73 1189 2359 2554
1137 725
1138 82 2248 2250
1139 52 1628 2054 2182
1140 476
1141 963 2294
1142 973 2326
1143 783 1015 1618 2155 2262 2376
1144 1245 1623
1145 748 1169 1358
1146 36 1505 1506 2254
1147 395 765 1090 1598 1865 2367 2371
1148 1317 1747 2220 2221
1149 985 1358 1894 1986
1150 1243
1151 2570 2700
1152 897 1927 2155 2416
1153 258 1401
1154 223 357 744 957 1007 1358 1714 1715 1742 2514 2515
1155 881 1229
1156 55 65 771 897
1157 89 963 2240 2463
1158 121 302 306 589 814 1635 2251 2252 2382
1159 729 981 2534
1160 38 401 733 794 863 2268
1161 110
1162 245 1510
1163 1402 2132
1164 1287
1165 145 537 1593
1166 1986 2582
1167 643 1070
1168 1022 1955
1169 111 188 301 439 524 552 628 689 748 823 853 1040 1145 1358 1714 1719 1720 1731 1734 1737 2220 2476 2492
1170 404 1476
1171 510 649 681 687 1092 1295 1355 1855 1909 2359
1172 304 467
1173 202 353 1250
1174 88 162 415 815 1912 2394
1175 987 2359
1176 295 507 877 1542 1935
1177 295 877 1542 1935
1178 1529 1908 1984 2350
1179 410 1955
1180 505 937 1304
1181 474
1182 472 559 1183 1579
1183 472 1182 1354 1579 1824 1825
1184 1190 2100
1185 278 1460 1992 2349 2358 2589 2590
1186 2535 2574
1187 895 1188
1188 1187
1189 73 558 1136 1358 2359
1190 37 1184 1387
1191 1558 2241 2339
1192 733 1062 1621
1193 306 1705
1194 368 1366 2670
1195 270 279 868 1058
1196 943 1061 1367 1624 2300
1197 1791 1998
1198 1042
1199 859 881 1214 1566 1599 1716
1200 1502 2207 2414
1201 457 2214 2533
1202 1428 1510 2336 2376 2524
1203 382 424 461 1215 1410 1842 2155
1204 751 1330 1602 1838 1839
1205 319 1358 1761
1206 1257 2671
1207 1102 2290 2464
1208 187
1209 64 1358 1737
1210 1648
1211 254 507
1212 1701
1213 607 1084 1290
1214 73 337 1199 1499 1716 1745
1215 270 1131 1203 1894
1216 526 1067 2446 2503
1217 230 396
1218 586 1079 1927 2116
1219 45 78 994
1220 239
1221 729 981 1577 1607 1949
1222 925 1224
1223 568 1116
1224 586 682 778 779 1110 1131 1222 1291 1341 1370 1525 1526 1583 1587 1660 1732 1848 1851 1919 1975 2151 2152 2153 2154 2155 2156
1225 1450 2579
1226 807 1955 1956 2528
1227 1269
1228 186 1536 2580
1229 657 867 871 1155 1254 1308 1358 1384 1506 1627 1749 2439 2440 2441 2442
1230 1050 1342
1231 653
1232 624 1083
1233 2433
1234 22 1702 1703 1966
1235 1119 1462 2126 2577
1236 2479
1237 735 739 1958
1238 154 1358
1239 743 2027 2611
1240 258 706 789 1443 1702 2237
1241 310 1701 1950
1242 1101 2146 2148
1243 1041 1150 1358
1244 493
1245 306 542 1144 1770 2080
1246 857
1247 1679
1248 603 1651 2045
1249 1483 2556 2558
1250 202 328 650 1173 2507
1251 102 306 505 1448 1623
1252 867 2656
1253 302 308
1254 657 1229 1308
1255 198 2248
1256 4 595 982 1016 1091 1761 2175 2176
1257 428 492 688 996 1071 1135 1206 2248 2249 2518 2538 2671 2673 2677 2678 2679
1258 452 505 644
1259 356 2342
1260 1559 2250
1261 2130
1262 110 189 564 567 1072 1509
1263 1407
1264 248 443 1531
1265 377 733 2291
1266 255 1529 1984
1267 645 647 1824
1268 162 1929 2309
1269 737 753 890 1227 1314 1630 1880 2227
1270 1622 2034
1271 15 599 1090 1093 2367
1272 310 1945 1947 1950
1273 722 1111 1119 2034 2124 2125 2126 2129
1274 239
1275 405 1468
1276 458 1022 1962
1277 755
1278 2268 2305 2306
1279 731 901 2186 2203
1280 449 2612
1281 977 1358 1746 1748
1282 684 741 905 1283 1483 1735 1776 2324
1283 1282 1776 2324
1284 757 902 998 1103 1358 1604 2450
1285 711 2182
1286 538
1287 59 481 1164 1358
1288 88 1309
1289 1622 1705
1290 212 1213 2258
1291 1224 1660 2154
1292 689 1317 1358
1293 65 1013 2418
1294 352 733
1295 1171 1987
1296 35 440 728 895 1910 1911 1912 1913
1297 316 598 766
1298 2703
1299 598 1701 1810
1300 251 507 812 877 1542 1933 1940 1941 2508
1301 25 598 1315 1316 1542 2140
1302 1006
1303 95 746 979 1026 2163
1304 505 937 1180
1305 466 1358
1306 364 1317
1307 802 804 922 1444 2536
1308 1229 1254 1627
1309 61 88 415 490 851 995 1288 1338 1625 1677 1741 1882 2015 2102 2103 2178
1310 2692
1311 468 1312 1313 2080
1312 904 1311 1313
1313 468 573 1311 1312 2407
1314 514 890 1269
1315 17 1301
1316 17 927 1301 1679
1317 689 796 1040 1148 1292 1306 1719 1720 1739 2220 2221
1318 12 2661 2662
1319 186 2034
1320 1050 1349 1491 2684
1321 2501
1322 63 2265
1323 1701
1324 2035 2265
1325 298 327 1000 1095 2063 2247
1326 928 2063
1327 495 1328 2161
1328 495 1327 2160
1329 78 733 994
1330 1204 1837 2068
1331 310 1576 1810
1332 436 621 2024
1333 749 1973 2195 2312
1334 1542 1577 1701 1941 1950
1335 1856 2087 2090
1336 86 695 1012 1452 1797 2032 2033 2034
1337 109 563 1701 2045
1338 1309 1912 2385
1339 154 1358 1753
1340 872 1413 1542 1943
1341 868 1224 2425
1342 1050 1230
1343 118 255 836 1507 1645 2165 2316
1344 25 724 815 1928 2315
1345 202 353
1346 109 306 519 1670
1347 281 1997
1348 218 1810 2163 2605
1349 39 1320 1634 2684
1350 1443
1351 69 262 604 907 1362 1535 1592 1972 2134 2282
1352 506
1353 97 661
1354 371 400 1183 2270
1355 1171 1957
1356 1613
1357 2025 2170
1358 30 34 53 59 68 72 73 90 101 111 154 155 156 170 173 174 228 244 246 289 326 333 337 341 346 357 364 466 489 501 524 552 580 609 613 616 626 645 684 686 687 689 708 744 748 754 757 758 764 796 797 819 823 831 853 873 876 882 902 919 929 951 957 970 978 985 999 1038 1040 1041 1070 1072 1103 1123 1145 1149 1154 1169 1189 1205 1209 1229 1238 1243 1281 1284 1287 1292 1305 1339 1384 1389 1444 1471 1480 1483 1492 1499 1516 1546 1550 1562 1565 1568 1599 1604 1620 1646 1708 1709 1710 1711 1712 1713 1714 1715 1716 1717 1718 1719 1720 1721 1722 1723 1724 1725 1726 1727 1728 1729 1730 1731 1732 1733 1734 1735 1736 1737 1738 1739 1740 1741 1742 1743 1744 1745 1746 1747 1748 1749 1750 1751 1752 1753 1754 1755 1756 1757 1758 1759 1760 1761 1762 1763 1764 1765 1766 2597
1359 181 1464 1914 2278 2480
1360 541 647 904 1650 1902 1904 1960 2491
1361 565 1528
1362 1351 1372 1914
1363 507 1413
1364 40
1365 1702 1703 2509 2519
1366 368 1194 2248
1367 124 306 484 980 1196 1584 1656 1778 2080 2143
1368 702 1911 2553
1369 1094 1530 1653
1370 778 779 1224 1525 1919 1975 2274 2485
1371 1393
1372 42 1362
1373 518 848 1003
1374 748
1375 2586
1376 239 1848 2232
1377 1840 2068 2069 2070 2388
1378 1544 2058 2150
1379 1380 2564
1380 1050 1379 2564
1381 798 1794
1382 218 281 1502 2176 2283
1383 403 806
1384 1229 1358
1385 714 1015 2335
1386 727 2570 2571
1387 1190
1388 257 734 736 964 2181 2197
1389 341 1358 2597
1390 856 2681
1391 1693
1392 51 710 2212
1393 1371
1394 88 211 2137
1395 679 948 2072 2189 2266 2267
1396 1399 1421 2109 2228 2394 2395
1397 861
1398 565 1528
1399 1396 1501 2227 2309 2394
1400 886 2698
1401 89 258 761 1153 1585
1402 1163 1482 1616 1919 1972
1403 465 1013 2317
1404 2375
1405 229 1053 1508 1894
1406 922 2387
1407 1263
1408 370 1553 1826 1828 1829
1409 360 1553 1826 1827 1828
1410 897 1121 1203 1655
1411 2218
1412 704 1483 1735 1743 2450
1413 219 251 253 338 402 507 776 812 872 877 1340 1363 1542 1931 1932 1933 1934 1935 1936
1414 370 371 1415 2270
1415 370 371 392 1414 2269
1416 6 30 61 74 149 305 572 718 1008 1118 1468 1602 1921 1922 1923 1924 1925 1926
1417 529 963 1452 1529 1703 2260 2350
1418 78
1419 529 2259 2260
1420 1421 2394 2396
1421 1085 1396 1420 1975 2109 2110 2394
1422 837
1423 591 1692
1424 1621 1813
1425 1015 1618
1426 480 760 1751
1427 860 1725 1742 2446
1428 1202 1429 1534 2336 2376 2520 2524
1429 1428 1534 2520
1430 632 1718
1431 976 998
1432 1049 1054 1950 2663
1433 931 1035 2359
1434 445 1986
1435 1927 2059 2071
1436 2259
1437 1688
1438 2664
1439 200 2676
1440 869 1701
1441 50 241 265 371 454 540 590 648 720 750 1060 1128 1619 1700 1707 1954 1957 1958 2271 2272 2273 2274 2275
1442 432 2462
1443 761 963 1094 1240 1350 2240 2399 2645
1444 154 1307 1358 2323
1445 681 1446
1446 681 1445
1447 1928
1448 102 505 1251 2034 2045
1449 2681
1450 321 1083 1225
1451 194 2564
1452 1015 1336 1417
1453 1701 1986
1454 2
1455 441 1537
1456 1457
1457 649 1019 1456
1458 982
1459 2080 2218
1460 1185 2349 2358
1461 1634 2248
1462 1119 1235 1611 1663
1463 276 490 555 1695 2131 2132 2133
1464 181 262 712 850 1013 1359 1482 1683 1914
1465 1488 1799
1466 1041
1467 52 2172
1468 146 1275 1416
1469 756 1498 1692 2346 2349 2358 2590
1470 801 1070 1555 1824 1953 2553
1471 1358 1646
1472 240 512 756 1692 2187
1473 165 598 2706 2707
1474 593 1908 2261 2335
1475 614 888 1017 2469 2470
1476 404 1170
1477 1098 1542 2066 2067
1478 694 1072 1902
1479 261 873 1701 1894
1480 1103 1358
1481 1015 1042 1669 2332 2335
1482 955 1402 1464 1973 2132
1483 306 359 389 562 704 742 754 905 969 1072 1077 1249 1282 1358 1412 1620 1726 1735 1743 2083 2113 2208
1484 299 2383 2498 2520
1485 1914
1486 650 1035 1745
1487 1501 1849 2017 2137
1488 411 792 1465 2601
1489 1004
1490 306 2085 2327
1491 1320
1492 1358 1765
1493 429
1494 88 436 897
1495 93 437 645
1496 974
1497 549 2034
1498 1469 2025 2349 2590
1499 337 1214 1358 1776
1500 1131 1133 1538 2185
1501 116 1074 1399 1487 1676 2228 2395
1502 1200 1382 1503 2163
1503 979 1502 2241 2243
1504 1647 2209
1505 36 330 530 773 1072 1146 1552 1624 1699 1788 1801 2086 2107
1506 1146 1229
1507 118 446 989 1343 1645 2436
1508 1405 1894 2117
1509 189 1262
1510 1046 1162 1202 2387
1511 1519
1512 342 945 2023 2145
1513 567 760 1830
1514 1692
1515 2182 2234
1516 1358 2612
1517 74 1042
1518 577 1063 1129
1519 147 1015 1511 1534 2108 2335 2640
1520 83 1103 1750 1765
1521 98 1013
1522 39 1697 2680
1523 548 2449
1524 434 1693 2499
1525 1224 1370 1914 1973
1526 868 1224 1879 1977 1981 2099 2425
1527 60 88 331 415 860 1668 2274 2450
1528 427 513 565 1361 1398
1529 1115 1178 1266 1417 1908 1984 2350
1530 43 89 1369 2240 2464
1531 248 443 1264 1889
1532 39 2648
1533 492 726 1109 2671
1534 911 1082 1428 1429 1519
1535 95 280 1351 1916 2155 2293
1536 186 1228 2580 2702
1537 119 441 1455
1538 118 643 747 1131 1133 1500 1842 2185
1539 1914
1540 525 1628 2054
1541 1005
1542 216 219 251 297 338 402 776 812 872 877 918 990 1176 1177 1300 1301 1334 1340 1413 1477 1577 1607 1931 1935 1936 1939 1940 1941 1942 1943
1543 735 739 1881 2029
1544 1378
1545 368 2248
1546 341 687 1358 1804 2169
1547 2169
1548 171 790
1549 119 1901 2286
1550 748 1358 2083
1551 126 306
1552 36 1089 1505 1778 2591
1553 371 1408 1409 1827
1554 1657 2686 2687 2688
1555 458 1470 1953 2363
1556 888
1557 650 957 2083 2168
1558 792 879 1014 1191 1986 2338 2339 2340
1559 283 1260
1560 18 505 1623
1561 102 1623
1562 1358 1765
1563 2633
1564 1772 1786
1565 1358 2365
1566 768 1199 1732 1895 2071
1567 722 1654 1874 2500
1568 154 748 1358 1729
1569 450 1050 1966
1570 571 696 743
1571 1045
1572 236 306 836 1776
1573 598 2698
1574 519 1066 1986
1575 473
1576 1331 1810
1577 411 1054 1055 1099 1221 1334 1542
1578 2497
1579 47 559 1182 1183 2029
1580 95 456 544 1892 2199 2200
1581 310 1810 1819
1582 44
1583 366 376 553 973 1013 1120 1127 1224 1995 2025
1584 306 1367 1798
1585 89 1401 1653
1586 173 687 2168
1587 1224 2154
1588 1047 2055 2333
1589 101 1745 2596
1590 794 863
1591 2541
1592 779 1351 1914 2071 2485
1593 144 145 213 537 1165
1594 31
1595 2246
1596 2476
1597 320 432
1598 640 1090 1093 1147 2367
1599 110 1199 1358 2441 2460 2614
1600 1059
1601 1750
1602 6 95 100 315 1204 1416 2054 2072 2073 2074
1603 968
1604 46 902 1284 1358
1605 1054 1950 2663
1606 364 764 819
1607 1099 1221 1542
1608 546 2124 2126 2489
1609 1790 1791 1912
1610 244 312 565 687 2556 2557 2558
1611 1462 2124
1612 764
1613 1356
1614 210 1671 2034
1615 1665
1616 56 118 412 447 539 581 1402 1849 2050
1617 748
1618 429 1015 1143 1425 1789
1619 392 1441 2269
1620 359 742 905 1358 1483 2450
1621 1192 1424
1622 124 1270 1289 2425
1623 102 112 126 133 139 153 314 350 384 452 459 542 556 581 608 660 719 887 910 980 1144 1251 1560 1561 1767 1768 1769 1770 1771 1772 1773 1774 1775 1776 1777 1778 1779 1780 1781 1782 1783 1784
1624 109 317 384 409 589 887 1196 1505 1705 1777 1778 1779 1780 1785 1786 1787 1788
1625 1013 1309 1729
1626 210
1627 59 1229 1308 1740
1628 65 95 142 525 597 1042 1117 1139 1540 1635 2021 2053 2054 2055 2056 2057 2172
1629 5 1659 1711
1630 737 1269 2227
1631 736 2196
1632 16 364 1756
1633 1096
1634 39 82 1050 1349 1461 2393
1635 763 1158 1628 2383
1636 24 598 1701 2139 2141
1637 702 1973
1638 831
1639 177 1688 2679
1640 36 306 350
1641 637 833 2495
1642 439 2657 2658
1643 348
1644 415 1013
1645 795 989 1343 1507
1646 1358 1471
1647 108 1504 2160 2209
1648 1210
1649 94
1650 107 971 1113 1360
1651 306 1248 2045
1652 498 604 725 1848 1972
1653 43 89 1094 1369 1585
1654 835 1567 1952 2034
1655 11 149 1121 1131 1410 1839 1842 1894 2136 2282 2295 2384
1656 306 1367 1798
1657 1554 2686 2688
1658 88 2018
1659 5 1629
1660 1224 1291 2154
1661 109 454 1013 1851
1662 48 1666 2381 2398
1663 1119 1462 2577
1664 455 607 785 2147
1665 962 1615 1701 2034
1666 2 48 49 606 1662 2381
1667 162 438 651
1668 355 1527
1669 429 1481 1892 2332
1670 133 303 308 519 1346
1671 210 1614 1929 1968 2136 2137
1672 186
1673 2660
1674 891 1914 2608
1675 1013 1074 1676 1914
1676 1074 1501 1675 1914 1975
1677 88 191 415 1309 1908
1678 833 1746
1679 1247 1316 2140
1680 2056 2576
1681 407 409 459 695 948 1012 2318 2319 2320
1682 407 695 733 948 1012 2189 2291 2319 2320 2321
1683 181 1464 1973 2132
1684 2486 2513
1685 650 957 2083
1686 2647
1687 28 246 1003 1721
1688 1437 1639 2671
1689 155 156
1690 118 2112
1691 700
1692 172 240 291 503 512 574 756 1423 1469 1472 1514 2186 2187 2302 2345 2346 2347 2348 2349
1693 434 965 1391 1524 2408
1694 333
1695 276 1463 2133
1696 1713
1697 1119 1522 1986 2253
1698 537 2160
1699 484 1065 1505
1700 1441
1701 13 24 143 157 158 201 205 215 216 226 231 232 235 261 318 335 343 416 467 532 547 563 633 664 699 729 767 784 869 874 1023 1052 1075 1100 1212 1241 1299 1323 1334 1337 1440 1453 1479 1636 1665 1799 1820 1846 1852 1853 1854 1855 1856 1857 1858 1859 1860 1861 1862 1863 1864 1865 1866 1867 1868 1869 1870 1871 1872 1873 1874 1875 1876 1877
1702 22 463 1234 1240 1365 1703 1966 1970 1971 2238
1703 22 463 759 789 963 1234 1365 1417 1702 1906 1966 1967 1968 1969 1970 1971 2238
1704 383 1912 1986 2077
1705 306 487 1193 1289 1624 2081 2322
1706 558 2585
1707 1441
1708 467 873 1358 1857 2313 2314
1709 1358 1738 1739 1986 2365
1710 372 480 687 1358 2444
1711 1358 1629 1730 1731 1765
1712 1358 1725 2446
1713 88 1358 1696 1898
1714 1154 1169 1358 1727
1715 58 1154 1358
1716 1199 1214 1358 2446
1717 1114 1358 1731 2560
1718 1103 1358 1430 2685
1719 1169 1317 1358 1765
1720 1169 1317 1358 1765
1721 105 228 687 689 1358 1687 1761 2476
1722 289 312 1358
1723 73 565 768 1358 1724
1724 768 1358 1723 2215 2216
1725 59 557 628 687 1070 1072 1358 1427 1712 1734 1740 1745 2334 2413 2596 2597
1726 1358 1483 2168
1727 188 1358 1714
1728 961 1358 2257 2555 2599
1729 657 1013 1358 1568 1625
1730 1358 1711
1731 1169 1358 1711 1717 1755
1732 88 748 1224 1358 1566
1733 831 1072 1358
1734 1169 1358 1725 2597
1735 562 969 1282 1358 1412 1483 1776 2324
1736 155 817 1358 1763
1737 64 1169 1209 1358 1888 2616
1738 466 1358 1709 2365 2366
1739 53 616 1317 1358 1709 1750 1766 1886 2221
1740 268 312 657 915 1035 1072 1358 1627 1725 1804 2389 2390 2391 2392
1741 88 1309 1358 2593
1742 174 403 526 533 580 1007 1154 1358 1427 1749 1758 2307 2443 2444 2445
1743 389 704 742 969 1358 1412 1483 2113 2450
1744 1358 1765
1745 73 1214 1358 1486 1589 1725 2596
1746 1281 1358 1678
1747 1148 1358
1748 1103 1281 1358
1749 1229 1358 1742 2446
1750 1358 1520 1601 1739 1765 1766
1751 73 1358 1426 2596
1752 154 1358 1754
1753 154 1339 1358
1754 154 326 1358 1752
1755 1358 1731 1765
1756 364 650 732 1358 1632 2642
1757 957 1358 2451
1758 464 580 860 1358 1742 2466
1759 239 493 569 1358
1760 1103 1358
1761 4 223 1205 1256 1358 1721 2175
1762 111 758 853 1358
1763 155 156 817 1358 1736
1764 628 1358
1765 290 501 580 823 825 1040 1358 1492 1520 1562 1711 1719 1720 1744 1750 1755 2492
1766 1358 1739 1750
1767 1623 1783
1768 1623 1837 2325
1769 109 399 544 1623
1770 306 1245 1623 2080
1771 306 1623 1778
1772 109 306 426 487 1564 1623 1782 2045
1773 487 638 1045 1623 1780 1789
1774 1623
1775 103 306 350 484 1623
1776 138 337 960 1282 1283 1499 1572 1623 1735 2045 2078 2324
1777 133 426 1623 1624 2143
1778 350 1367 1552 1623 1624 1771 2327
1779 109 306 505 1623 1624 2318
1780 139 1623 1624 1773
1781 36 306 1623 1998 2107
1782 306 350 426 487 1623 1772 1798 2326
1783 1623 1767
1784 133 1072 1623 2045 2096
1785 109 317 808 963 1624
1786 18 1564 1624
1787 109 306 1624 1810 2045 2143
1788 1015 1505 1624
1789 109 426 1015 1618 1773
1790 103 695 1609
1791 191 1197 1609 2045
1792 581 2485
1793 798
1794 798 1381 1795 1796
1795 798 828 1794 1796 2299 2464
1796 1794 1795 2297
1797 306 1012 1072 1336 2088
1798 306 329 487 958 1072 1584 1656 1782
1799 306 1072 1465 1701
1800 476 852 1072
1801 1035 1072 1505 2203 2451
1802 306 1072 2079
1803 77 354 659 1072
1804 306 1072 1546 1740 2451
1805 109 306 426 556 1072
1806 453 962 1809
1807 180 429 482 962 2034
1808 579 962 1810
1809 962 1806 1810
1810 13 27 224 230 351 481 482 511 549 568 576 716 719 790 795 835 962 1004 1062 1095 1107 1121 1299 1331 1348 1576 1581 1787 1808 1809 1811 1812 1813 1814 1815 1816 1817 1818 1819 1820 1821 1822 1823 1869
1811 1810 1822
1812 482 1810 1986 2034 2550
1813 1424 1810
1814 482 1810
1815 310 1810 1950
1816 829 1810
1817 733 1810
1818 733 1810 2305 2306
1819 1581 1810 1948
1820 1701 1810 1873
1821 316 598 603 716 1810
1822 1810 1811
1823 598 1126 1810
1824 360 448 645 1183 1267 1470 1825 1826
1825 392 472 1183 1824
1826 264 448 645 1408 1409 1824 1827 1829
1827 1409 1553 1826 1828
1828 238 1408 1409 1827
1829 940 1070 1408 1826 1902
1830 889 1067 1513 2045
1831 824 889
1832 889
1833 797 1035 1834
1834 372 449 800 1833 2359
1835 898 2157 2160
1836 92 898
1837 183 997 1330 1768
1838 95 1204 2182 2219
1839 11 979 1204 1655 2424 2453
1840 1013 1377 2071
1841 408 734 736 1013 2056
1842 120 816 1013 1203 1538 1655 1979 1980 2281 2405
1843 415 1013
1844 868 1013 2276
1845 894 1013
1846 1013 1701 1867 2117 2357
1847 88 415 1013
1848 325 1013 1224 1376 1652 1909 2419
1849 56 412 447 1013 1487 1616 1914
1850 32 415 666 1013
1851 118 693 1013 1224 1661 2485
1852 1701 2045
1853 1701
1854 1701
1855 1171 1701
1856 306 1335 1701 2045 2096
1857 304 1701 1708
1858 899 1701
1859 1701 1986
1860 1701
1861 1701
1862 0 926 1701 2582
1863 532 1701
1864 232 598 869 1701
1865 311 1147 1701
1866 633 1701
1867 1701 1846 2117
1868 231 316 766 1701
1869 199 203 205 277 420 465 1097 1701 1810 2309
1870 157 598 1701 1986
1871 102 228 417 1701
1872 1701
1873 603 935 1701 1820 1986
1874 722 1106 1567 1701 2500 2501
1875 598 1701 1986
1876 1701 1986
1877 1701 2573
1878 102 661 2256
1879 490 578 661 1526
1880 479 661 753 1269
1881 661 735 739 1543 1958
1882 88 514 516 661 1309
1883 661
1884 113 249 661 854 1885 1958
1885 661 1884 2644
1886 1103 1739
1887 1103 1888
1888 1103 1737 1887
1889 429 1531 1890 1891 1892 1893 2034 2039 2130
1890 1889 2130
1891 1889 2034 2130
1892 1580 1669 1889
1893 920 1889
1894 229 261 536 770 1049 1149 1215 1405 1479 1508 1655 2034 2117 2118
1895 645 1566
1896 541 709 793 1897
1897 1896 1903
1898 379 645 755 1713
1899 388 645 1902 2491 2510
1900 645 2608
1901 119 645 1549 1954 2284 2286
1902 264 448 793 844 1360 1478 1829 1899 1903 1904
1903 709 793 840 1897 1902 1960 2269 2592
1904 1360 1902 1960
1905 210 1914
1906 210 1703 1907 1964 2059
1907 146 210 566 673 674 717 897 1906
1908 88 211 415 1178 1474 1529 1677
1909 211 239 1131 1171 1848 2305
1910 121 1296
1911 945 1296 1368 2553
1912 435 995 1174 1296 1338 1609 1704 2102 2103 2404
1913 35 440 895 1296
1914 41 69 175 506 596 604 778 779 830 921 955 1079 1359 1362 1464 1485 1525 1539 1592 1674 1675 1676 1849 1905 1915 1916 1917 1918 1919 1920 2388
1915 1914 2649
1916 907 1535 1914
1917 454 1914 2457
1918 506 1914
1919 778 779 1224 1370 1402 1914
1920 69 1914 1926 2310 2422 2653
1921 315 827 1416
1922 1008 1416
1923 1416 1927
1924 942 1416 1927
1925 1042 1416 2620
1926 69 1042 1416 1920 2051 2052 2189
1927 146 305 405 738 769 1152 1218 1435 1923 1924 1928 1929 1930
1928 1344 1447 1927 2317 2475
1929 1268 1671 1927 2034
1930 1131 1927
1931 507 1413 1542
1932 402 1413 1936
1933 251 507 1300 1413
1934 338 1413
1935 877 1176 1177 1413 1542
1936 402 507 1413 1542 1932
1937 548 1938
1938 1937
1939 19 1542
1940 402 507 1300 1542
1941 507 1300 1334 1542 2508
1942 150 875 1542
1943 1340 1542
1944 310 336 352 1945 1946 1950
1945 310 875 1272 1944 1946 1947
1946 310 1944 1945 1950
1947 310 1272 1945 1950
1948 310 1819 1950
1949 310 1221
1950 310 336 875 892 1054 1241 1272 1334 1432 1605 1815 1944 1946 1947 1948
1951 622 1952 2204 2206
1952 622 788 942 1002 1031 1654 1951 2204 2205 2206
1953 458 1470 1555
1954 590 1128 1441 1901 1955 1956 1957 1958 2275
1955 676 807 1168 1179 1226 1954 1956 2235
1956 807 1226 1954 1955
1957 979 1355 1441 1954 2241 2630
1958 735 739 1237 1441 1881 1884 1954
1959 119 132 379 904 2621
1960 1360 1903 1904 2491
1961 703 801 1022
1962 1022 1276 1963
1963 1022 1962
1964 248 463 1906 1965 1966
1965 39 1964
1966 94 362 443 463 946 1010 1234 1569 1702 1703 1964 1971
1967 275 1703
1968 1671 1703 2034
1969 1703 2236 2238
1970 271 1702 1703
1971 1702 1703 1966
1972 1351 1402 1652
1973 32 252 490 504 666 779 822 1333 1482 1525 1637 1683 1974 1975 1976
1974 578 737 1973
1975 1224 1370 1421 1676 1973 2109 2110
1976 147 502 1973
1977 436 1526
1978 249 436 478 514 621
1979 436 1842 1980 2178 2405
1980 436 816 1842 1979 2405
1981 436 490 1526
1982 130 436
1983 55 438 897 2034
1984 438 651 1178 1266 1529
1985 437 438
1986 2 45 68 71 151 160 179 201 215 232 335 366 391 460 476 519 566 673 681 743 745 792 899 968 1023 1095 1127 1149 1166 1434 1453 1558 1574 1697 1704 1709 1812 1859 1870 1873 1875 1876 1987 1988 1989 1990 1991 1992 1993 1994 1995 1996 1997 1998 1999 2000 2001 2002 2003 2004 2005 2006 2007 2008 2009
1987 1295 1986 2004 2509
1988 396 1986
1989 460 1986
1990 1986
1991 1986 2325
1992 1185 1986
1993 849 1986
1994 169 1986
1995 553 745 1583 1986
1996 8 327 1986 2063 2064
1997 1347 1986 2412
1998 109 191 519 695 1197 1781 1986 2326
1999 285 818 827 1986
2000 160 267 314 1986
2001 91 429 503 574 1986 2002 2003 2044 2121 2123 2335 2348 2378 2379 2380 2381
2002 1986 2001 2379
2003 185 332 1986 2001 2123
2004 180 316 1986 1987
2005 1986
2006 746 1986 2477
2007 1986
2008 733 1986 2301
2009 160 553 745 1986 2025
2010 88 118 161 2016
2011 25 88 733
2012 88 272
2013 88 471
2014 88 415
2015 88 1309 2071
2016 88 842 973 2010 2071
2017 88 130 815 1487 2467
2018 76 356 621 815 851 1658 2019
2019 973 2018
2020 55 323
2021 55 65 239 1628 2418
2022 323 454 2190
2023 651 1512 2217
2024 478 651 885 1332 2156 2178
2025 149 572 671 1110 1120 1357 1498 1583 2009 2026 2027 2028
2026 487 2025 2045 2096
2027 938 1239 2025 2360
2028 2025
2029 472 1543 1579
2030 118 903 2112
2031 903 2436
2032 1336
2033 740 788 1002 1336
2034 14 49 86 141 158 224 382 417 617 691 791 841 1002 1026 1270 1273 1319 1336 1448 1497 1614 1654 1665 1807 1812 1889 1891 1894 1929 1968 1983 2035 2036 2037 2038 2039 2040 2041 2042 2130
2035 733 1324 2034
2036 833 2034
2037 180 2034
2038 293 2034
2039 1889 2034 2042
2040 33 2034 2120 2122
2041 48 429 788 2034
2042 2034 2039
2043 429 2406
2044 429 2001
2045 109 126 133 139 153 215 236 306 308 318 341 519 563 603 699 1013 1248 1337 1448 1651 1772 1776 1784 1787 1791 1830 1852 1856 2026 2046 2047 2048
2046 236 306 484 2045 2048
2047 294 2045
2048 306 2045 2046
2049 80 142
2050 1616 2485
2051 1042 1926 2364
2052 74 544 1042 1926
2053 52 1628
2054 95 456 525 1042 1139 1540 1602 1628 2133
2055 1042 1588 1628 2198
2056 100 408 734 1628 1680 1841 2311 2576
2057 525 1628
2058 635 1378 2150
2059 146 405 718 1008 1435 1906
2060 735
2061 735
2062 701 735
2063 327 928 1325 1326 1996
2064 327 1996
2065 918 2066 2067
2066 1098 1477 2065 2122
2067 1098 1477 2065
2068 861 1330 1377
2069 702 1377 2070
2070 702 1377 2069
2071 725 755 1435 1566 1592 1840 2015 2016
2072 1395 1602 2182
2073 901 1042 1602
2074 95 1602 2181 2277
2075 14 775 1020 2076 2077 2091 2667 2668
2076 180 218 2075 2077 2667
2077 14 486 1020 1704 2075 2076
2078 236 306 836 1776
2079 126 236 1802
2080 112 306 487 608 655 1245 1311 1367 1459 1770
2081 484 1705
2082 18 133
2083 367 505 650 752 957 1483 1550 1557 1685 2168
2084 306 350 409
2085 306 350 910 1490 2089
2086 306 1089 1505 2094
2087 306 1335
2088 306 1797
2089 306 350 2085
2090 306 350 656 1335
2091 218 306 2075
2092 109
2093 109 741 831
2094 36 109 441 530 2086 2106
2095 109 135 2145 2329 2504
2096 859 937 1009 1784 1856 2026
2097 79 522 975 2098
2098 2097
2099 490 868 1526 2425
2100 803 830 1184 2101
2101 702 2100
2102 1309 1912 2385
2103 1309 1912 2385
2104 516
2105 490 517
2106 36 2094
2107 36 399 1505 1781
2108 693 1519
2109 604 1085 1396 1421 1975 2110
2110 1085 1421 1975 2109
2111 711
2112 118 255 711 1690 2030 2436
2113 704 711 1077 1483 1743 2450
2114 386 1083 2509 2519 2588
2115 386 2117 2519
2116 356 1218
2117 386 770 1508 1846 1867 1894 2115 2118
2118 229 1894 2117
2119 33 218
2120 33 442 665 2040 2637
2121 33 2001 2122
2122 91 196 332 627 665 1051 2040 2066 2121 2123
2123 91 330 2001 2003 2122 2380
2124 1119 1273 1608 1611 2125 2126 2127
2125 1111 1119 1273 2124 2126
2126 870 1111 1119 1235 1273 1608 2124 2125
2127 546 1119 2124 2130
2128 1119 2129
2129 1111 1119 1273 2128
2130 430 691 791 912 983 1261 1889 1890 1891 2034 2127 2249
2131 1463 2133 2182
2132 1163 1463 1482 1683
2133 276 434 1463 1695 2054 2131 2182
2134 921 1351
2135 175 190 2282
2136 737 1121 1655 1671
2137 1394 1487 1671
2138 548 598 944
2139 24 1636 2140 2141
2140 17 927 1301 1679 2139
2141 24 1636 2139 2142
2142 2141
2143 303 1367 1777 1787
2144 135 137 2145 2329 2331 2504
2145 18 1512 2095 2144
2146 374 509 846 1101 1242 2147 2148
2147 374 455 658 1664 2146 2486
2148 509 1101 1242 2146
2149 374
2150 1378 2058
2151 93 1224 2423
2152 1224 2385
2153 973 1224 2155
2154 1224 1291 1587 1660
2155 74 280 539 586 749 993 1118 1131 1143 1152 1203 1224 1535 2153 2293 2294 2295
2156 324 651 1224 2024
2157 108 1835 2158 2159 2160
2158 2157
2159 23 2157 2160
2160 898 1328 1647 1698 1835 2157 2159 2161
2161 1327 2160
2162 30 61 738 1080 2163
2163 1073 1303 1348 1502 2162
2164 87 2217 2282
2165 118 279 1343
2166 118 1029
2167 957
2168 834 876 1033 1557 1586 1726 2083 2169
2169 131 683 1546 1547 2168
2170 1357 2171
2171 2170
2172 52 525 1467 1628 2182
2173 939 2174
2174 2173
2175 4 982 1256 1761 2176
2176 4 595 982 1016 1091 1256 1382 2175
2177 398 644 2367 2371
2178 76 88 415 737 1309 1979 2024
2179 440
2180 81 257 525 2182 2183
2181 95 142 525 1388 2074 2196 2197 2202
2182 52 95 239 415 525 858 1139 1285 1515 1838 2072 2131 2133 2172 2180 2198 2231 2232 2233
2183 95 525 2180
2184 70 441
2185 1131 1133 1500 1538
2186 756 901 1279 1692 2199
2187 172 756 1472 1692
2188 454
2189 69 454 847 1395 1682 1926
2190 454 2022
2191 387
2192 144 213 495 537
2193 2194
2194 214 324 1120 2193 2195
2195 594 663 1333 2194
2196 1631 2181
2197 95 734 736 965 1388 2181
2198 751 964 1042 2055 2182
2199 95 456 544 680 731 901 1580 2186 2200 2201
2200 95 1580 2199
2201 95 552 2199
2202 734 736 751 2181
2203 731 1279 1801 2330 2511
2204 1951 1952 2521
2205 48 788 1952
2206 48 1951 1952
2207 979 1200 2241
2208 1483
2209 108 1504 1647
2210 104 864
2211 1065 2356
2212 708 710 1392 2216
2213 51 421 710
2214 51 1201 2216
2215 51 457 1724 2216
2216 421 457 708 1724 2212 2214 2215
2217 96 175 231 2023 2164
2218 1411 1459
2219 475 485 1838
2220 1148 1169 1317 2221 2525
2221 823 1148 1317 1739 2220 2507
2222 75 284 2224 2225
2223 75 84 284 2224
2224 75 84 284 583 2222 2223 2225 2226
2225 75 284 583 2222 2224
2226 84 284 2224
2227 266 634 1269 1399 1630 2228
2228 809 1396 1501 2227 2394 2395
2229 266 601 809
2230 482 606 938 2296
2231 2182 2292
2232 315 1376 2182
2233 636 2182 2291
2234 1515
2235 612 676 1955
2236 151 805 1969 2237
2237 1240 2236 2238
2238 22 151 152 627 706 1702 1703 1969 2237 2239 2240
2239 2238
2240 152 963 1157 1443 1530 2238 2399
2241 500 1191 1503 1957 2207 2242
2242 2241 2539
2243 1107 1503 2244 2245 2246
2244 281 2243
2245 2243 2246
2246 1595 2243 2245 2247
2247 281 972 1086 1325 2246 2509 2543
2248 348 428 837 856 996 1071 1135 1138 1255 1257 1366 1461 1545 2249
2249 368 1257 2130 2248 2518 2671
2250 283 348 1138 1260
2251 121 1158 2252
2252 121 1158 2251
2253 1697
2254 1146
2255 225
2256 102 1878
2257 1728
2258 1290
2259 1419 1436 2335 2337
2260 529 1417 1419
2261 718 1474
2262 1015 1143
2263 94 1015 2490
2264 1104
2265 984 1322 1324
2266 1395 2267 2321 2364
2267 1395 2266
2268 309 383 733 1160 1278 2291
2269 20 370 392 1415 1619 1903 2270
2270 20 128 1354 1414 2269 2375
2271 1441
2272 1441
2273 1441
2274 1370 1441 1527
2275 1128 1441 1954
2276 868 1115 1844
2277 734 839 2074
2278 850 1359
2279 110 565 2466
2280 242 270 279 838 1131
2281 1131 1842 2405
2282 816 1131 1351 1655 2135 2164
2283 575 1131 1382
2284 1901 2285
2285 451 989 2284 2286
2286 1549 1901 2285
2287 610 826 2288
2288 114 610 2287
2289 444 584 623 2464
2290 444 1102 1207 2464 2496
2291 377 481 715 733 1265 1682 2233 2268 2292
2292 2231 2291
2293 921 1535 2155
2294 1141 2155
2295 86 897 1110 1655 2155
2296 313 1134 2230
2297 1796 2298 2299
2298 2297
2299 1795 2297
2300 1196
2301 733 2008
2302 733 1692
2303 45 733 2541
2304 465 469 733 2385
2305 309 453 1278 1818 1909 2306
2306 453 1278 1818 2305 2552
2307 482 1067 1742
2308 159 482 531 2559
2309 210 461 994 1021 1043 1268 1399 1869
2310 21 1920
2311 2056 2576
2312 61 1333
2313 873 1708
2314 767 1708
2315 1344
2316 1343
2317 25 1403 1928
2318 1681 1779
2319 695 1681 1682
2320 1681 1682
2321 1682 2266
2322 1705
2323 344 1444
2324 1282 1283 1735 1776
2325 508 1768 1991
2326 878 1142 1782 1998
2327 699 1490 1778 2328
2328 2327
2329 137 397 2095 2144 2330 2331
2330 861 2203 2329
2331 2144 2329
2332 1125 1481 1669
2333 1042 1047 1588
2334 174 1725
2335 151 627 1385 1474 1481 1519 2001 2259 2336
2336 1046 1202 1428 2335 2524
2337 2259
2338 1558 2555
2339 843 1191 1558 2340
2340 1558 2339
2341 780
2342 1259
2343 30 2344
2344 279 1080 2343 2475
2345 1692
2346 1469 1692 2349
2347 456 544 1692
2348 576 1692 2001
2349 1185 1460 1469 1498 1692 2346 2358
2350 1178 1417 1529
2351 394 577 849 906 1064 1129
2352 577 1064 1129
2353 577 906 1129
2354 577
2355 94 2356 2357
2356 675 934 2211 2355 2357
2357 39 94 1846 2355 2356
2358 631 1185 1460 1469 2349
2359 290 480 687 797 1136 1171 1175 1189 1433 1834 2372
2360 27 606 2027 2578
2361 606
2362 442
2363 125 1555
2364 667 2051 2266
2365 391 616 970 998 1565 1709 1738
2366 46 686 1738
2367 15 395 765 894 1090 1093 1147 1271 1598 2177 2368 2369 2370 2371
2368 2367 2370
2369 2367 2370
2370 2367 2368 2369
2371 1147 2177 2367
2372 480 687 2359
2373 267
2374 20
2375 20 371 1404 2270
2376 783 813 911 1061 1143 1202 1428
2377 372
2378 1018 2001
2379 1107 2001 2002
2380 91 2001 2123
2381 1662 1666 2001
2382 814 1158 2383
2383 299 588 808 814 893 924 1051 1484 1635 2382
2384 1655
2385 191 995 1338 2102 2103 2152 2304
2386 299 885 1082
2387 271 299 638 1046 1406 1510
2388 175 551 728 945 1377 1914
2389 1740 2451
2390 489 1041 1740 2391 2451
2391 489 1740 2390 2451
2392 535 1740 2451
2393 368 1634
2394 88 471 504 600 724 1027 1085 1174 1396 1399 1420 1421 2228 2395 2396 2397
2395 724 1396 1501 2228 2394
2396 504 1420 2394
2397 2394
2398 1662 2493
2399 43 963 1443 2240 2434
2400 43 963
2401 375 963 2434 2435
2402 781 2403
2403 836 2402
2404 1912
2405 120 483 816 1842 1979 1980 2281
2406 523 2043
2407 573 643 1313
2408 434 1693
2409 716 1057
2410 2411
2411 2410
2412 197 469 1997
2413 1725 2414 2415
2414 1200 2413
2415 915 2413 2597
2416 1152 2417
2417 2416
2418 57 65 239 572 1293 2021
2419 65 74 497 1848
2420 640
2421 757
2422 847 1920
2423 279 304 518 2151
2424 195 1839
2425 1341 1526 1622 2099 2426
2426 2425
2427 37 349 2428
2428 2427
2429 250
2430 201 570
2431 2432
2432 2431
2433 1233
2434 375 963 1087 2399 2401
2435 375 2401
2436 989 1507 2031 2112
2437 167 168 2438
2438 168 2437
2439 867 1229 2530 2652
2440 657 867 1229 2530
2441 1229 1599
2442 657 867 1229 2530 2614
2443 615 1742
2444 16 464 580 1710 1742 2503
2445 464 580 1742 2503
2446 609 1216 1427 1712 1716 1749 2447 2448
2447 609 1037 2446
2448 609 762 1041 1067 2446
2449 1523
2450 389 562 704 754 969 1077 1284 1412 1527 1620 1743 2113
2451 268 367 752 1757 1801 1804 2389 2390 2391 2392 2452
2452 2451 2685
2453 354 1839
2454 26 99 122
2455 26 99 122 123
2456 672 817
2457 499 1917 2458 2649
2458 499 2457
2459 760 2689
2460 760 1599
2461 106
2462 1442
2463 89 340 584 1157
2464 444 515 584 623 828 1102 1207 1530 1795 2289 2290 2465
2465 515 1102 2464
2466 425 533 1007 1758 2279
2467 2017 2468
2468 2467
2469 365 1475
2470 614 1475
2471 48 2493
2472 192 456 591 642 667 1017
2473 217 2648
2474 217 243
2475 1928 2344
2476 105 524 564 1169 1596 1721 2651
2477 2006
2478 124
2479 1236
2480 331 712 1359
2481 610 840
2482 167 1056
2483 385 2484
2484 369 385 2483
2485 252 1370 1592 1792 1851 2050
2486 455 1684 2147
2487 85
2488 85
2489 1608
2490 94 2263
2491 1360 1899 1960
2492 111 301 758 1169 1765
2493 157 855 2398 2471
2494 417 2495
2495 833 1130 1641 2494
2496 2290
2497 388 703 1578
2498 271 299 1484
2499 1117 1524
2500 722 1567 1874
2501 722 1092 1106 1321 1874
2502 858
2503 403 616 1038 1216 2444 2445
2504 137 2095 2144
2505 406
2506 114
2507 353 1250 2221
2508 507 1300 1941
2509 1365 1987 2114 2247 2519
2510 1899
2511 2203
2512 569
2513 1684
2514 1154 2515
2515 246 936 1154 2514 2530
2516 694 801 2517
2517 941 2516
2518 148 381 996 1135 1257 2249 2538
2519 1365 2114 2115 2509
2520 1428 1429 1484
2521 2204
2522 657 867 2656
2523 657 867
2524 1202 1428 2336
2525 154 2220
2526 560 585
2527 540
2528 826 1226
2529 959
2530 871 936 2439 2440 2442 2515
2531 1026
2532 460
2533 1201
2534 605 620 729 1159 2535
2535 1186 2534
2536 1307
2537 117 259
2538 381 450 492 1257 2518
2539 237 2242 2540 2632
2540 2539
2541 1591 2303
2542 843
2543 269 1000 2247
2544 3
2545 10
2546 5 466 628 952
2547 488 515
2548 582
2549 582
2550 1812
2551 269
2552 2306
2553 728 748 1368 1470 1911
2554 1136 2689
2555 792 961 1728 2338 2599
2556 626 1249 1610
2557 1610
2558 626 1249 1610
2559 2308
2560 1114 1717 2561
2561 2560
2562 292 1036
2563 1050 1081
2564 194 1050 1379 1380 1451
2565 953 2566 2567
2566 953 2565
2567 953 2565
2568 1023
2569 380 477 930
2570 727 1151 1386 2572 2573
2571 1386
2572 2570
2573 1877 2570
2574 1186
2575 1008
2576 1680 2056 2311
2577 1235 1663
2578 27 2360
2579 972 1086 1225
2580 186 972 1228 1536
2581 83 449
2582 0 1166 1862
2583 247
2584 876
2585 558 1706
2586 1375
2587 1046
2588 2114
2589 1185
2590 1185 1469 1498
2591 234 1552
2592 793 1903
2593 1741
2594 218 2680
2595 833
2596 1589 1725 1745 1751
2597 915 1358 1389 1725 1734 2415
2598 329
2599 961 1728 2555
2600 832
2601 1488 2609
2602 2603
2603 2602
2604 99 123 127
2605 1348
2606 670
2607 1003
2608 891 1674 1900
2609 411 2601
2610 1049
2611 1239
2612 1280 1516
2613 1095
2614 9 494 723 1599 2442
2615 332 2696
2616 64 1737
2617 166
2618 2619
2619 2618
2620 1925
2621 1959
2622 145
2623 946
2624 44 2701
2625 2626
2626 2625
2627 929
2628 67
2629 692
2630 1957 2699
2631 66
2632 2539
2633 1563
2634 2635 2636
2635 2634
2636 2634 2693
2637 2120
2638 447
2639 917
2640 1519
2641 535 936
2642 16 358 364 1756
2643 111
2644 1885
2645 29 258 706 1443
2646 194
2647 243 473 1686
2648 243 1532 2473
2649 1915 2457
2650 960
2651 59 105 2476
2652 357 871 2439
2653 865 1920
2654 403 1037 2655
2655 2654
2656 1252 2522
2657 1642
2658 1642
2659 967
2660 1673
2661 12 1318
2662 12 1001 1318
2663 1432 1605
2664 1438
2665 2666
2666 2665
2667 45 486 1020 2075 2076 2668
2668 14 45 486 2075 2667
2669 592
2670 837 1194 2679
2671 428 726 1071 1109 1135 1206 1257 1533 1688 2249 2672 2673 2674 2675
2672 2671
2673 492 1257 2671
2674 1109 2671 2675
2675 1109 2671 2674
2676 200 1439
2677 956 1257
2678 492 1135 1257
2679 177 1257 1639 2670 2682
2680 1522 2594
2681 209 361 1390 1449 2683
2682 177 2679
2683 2681
2684 1320 1349
2685 296 732 1718 2452
2686 1554 1657
2687 1554 2688
2688 1554 1657 2687
2689 2459 2554
2690 611
2691 71 206
2692 1310
2693 2636
2694 431 2695
2695 431 2694
2696 2615
2697 986
2698 1400 1573
2699 2630
2700 1151
2701 44 2624
2702 186 1536
2703 1298
2704 641
2705 287
2706 165 169 1473 2707
2707 165 598 1473 2706
