0 633 1862 2582
1 2 652 654
2 332 1454 1666 1986
3 2544
4 1016 1256 1761 2175 2176
5 1629 1659 2546
6 373 1042 1416 1602
7 208
8 269 281 1996
9 723 2614
10 476 2545
11 1655 1839
12 1001 1318 2661 2662
13 1701 1810
14 158 2034 2075 2077 2668
15 1090 1093 1271 2367
16 970 1632 2444 2642
17 24 927 1315 1316 2140
18 139 1560 1786 2082 2145
19 1939
20 1072 2269 2270 2374 2375
21 1043 2310
22 39 1234 1702 1703 2238
23 2159
24 201 598 1636 1701 2139 2141
25 1301 1344 2011 2317
26 99 122 123 2454 2455
27 606 1810 2360 2578
28 1687
29 963 2645
30 697 738 1358 1416 2162 2343
31 1594
32 279 518 1850 1973
33 286 588 698 911 1051 2040 2119 2120 2121
34 1358
35 895 1296 1913
36 1146 1505 1552 1640 1781 2094 2106 2107
37 60 1190 2427
38 429 862 863 1160
39 1349 1522 1532 1634 1965 2357
40 507 866 1364
41 175 596 644 1914
42 87 1372
43 152 963 1530 1653 2399 2400
44 1582 2624 2701
45 733 1219 1986 2303 2667 2668
46 1604 2366
47 163 1579
48 598 714 1031 1662 1666 2041 2205 2206 2471
49 1666 2034
50 1441
51 457 710 1392 2213 2214 2215
52 1139 1467 2053 2172 2182
53 1103 1358 1739
54 401 767
55 60 210 323 651 771 787 815 1079 1156 1983 2020 2021
56 412 447 1616 1849
57 2418
58 1715
59 105 580 609 615 1067 1287 1358 1627 1725 2651
60 1527
61 1080 1309 1416 2162 2312
62 485
63 1322
64 1209 1737 2616
65 239 543 619 771 1156 1293 1628 2021 2418 2419
66 2631
67 282 540 2628
68 391 1358 1986
69 604 1013 1351 1914 1920 1926 2189
70 441 2184
71 206 1986 2691
72 1103 1358
73 449 558 797 876 1035 1136 1189 1214 1358 1723 1745 1751
74 544 586 1042 1118 1416 1517 2052 2155 2419
75 84 583 2222 2223 2224 2225
76 88 2018 2178
77 659 1803
78 1219 1329 1418
79 603 2097
80 257 1117 2049
81 347 423 527 2180
82 1138 1634
83 1520 2581
84 284 2223 2224 2226
85 1065 2487 2488
86 429 1336 2034 2295
87 842 2164
88 130 162 300 415 498 696 737 743 815 841 851 1174 1288 1309 1394 1494 1527 1658 1677 1713 1732 1741 1847 1882 1908 2010 2011 2012 2013 2014 2015 2016 2017 2178 2394
89 258 884 1087 1094 1157 1401 1530 1585 1653 2463
90 155 156 817 1358
91 330 1046 2001 2122 2123 2380
92 898 1836
93 550 950 1495 2151
94 195 586 675 733 934 1649 1966 2263 2355 2357 2490
95 334 456 693 734 736 861 1303 1535 1580 1602 1628 1838 2054 2074 2181 2182 2183 2197 2199 2200 2201
96 2217
97 661 1353
98 1521
99 122 123 2454 2455 2604
100 1602 2056
101 281 1358 1589
102 109 1251 1448 1561 1623 1871 1878 2256
103 139 306 484 608 1775 1790
104 401 864 1065 2210
105 1721 2476 2651
106 2461
107 541 971 1113 1650
108 1647 2157 2209
109 124 133 153 176 236 289 306 318 426 459 519 563 610 1045 1337 1346 1624 1661 1769 1772 1779 1785 1787 1789 1805 1998 2045 2092 2093 2094 2095
110 567 1161 1262 1599 2279
111 758 1169 1358 1762 2492 2643
112 306 487 1623 2080
113 540 747 1884
114 610 2288 2506
115 973
116 1076 1501
117 259 2537
118 255 388 446 454 554 581 842 1029 1343 1507 1538 1616 1690 1851 2010 2030 2112 2165 2166
119 379 646 1537 1549 1901 1959
120 483 514 816 1842 2405
121 589 802 980 1158 1910 2251 2252
122 2454 2455
123 2455 2604
124 306 1367 1622 2478
125 458 2363
126 236 306 1551 1623 2045 2079
127 2604
128 233 370 392 2270
129 441 701
130 1982 2017
131 834 2169
132 379 479 904 1022 1959
133 399 452 1623 1670 1777 1784 2045 2082
134 406
135 137 2095 2144
136 831
137 2144 2329 2504
138 236 306 1776
139 306 660 910 1623 1780 2045
140 582 623
141 740 1002 2034
142 456 525 1628 2049 2181
143 316 598 1701
144 145 213 1593 2192
145 213 537 1165 1593 2622
146 897 1468 1907 1927 2059
147 1519 1976
148 378 381 602 714 2518
149 1080 1416 1655 2025
150 310 914 1942
151 1986 2236 2238 2335
152 884 2238 2240
153 236 306 459 1623 2045
154 326 364 819 1238 1339 1358 1444 1568 1752 1753 1754 2525
155 156 817 1358 1689 1736 1763
156 817 1358 1689 1763
157 598 1701 1870 2493
158 180 1701 2034
159 180 2308
160 277 553 743 745 1986 2000 2009
161 842 2010
162 323 1174 1268 1667
163
164 210 211
165 598 1473 2706 2707
166 271 2617
167 168 1056 2437 2482
168 2437 2438
169 1994 2706
170 1067 1358
171 775 790 1548
172 240 512 756 1692 2187
173 687 1033 1358 1586
174 629 1358 1742 2334
175 596 955 1914 2135 2217 2388
176 231 973
177 726 1639 2679 2682
178 833
179 197 231 1986
180 775 790 791 1020 1807 2004 2037 2076
181 1013 1359 1464 1683
182 183 997
183 997 1837
184 520
185 297 2003
186 1228 1319 1536 1672 2580 2702
187 1208
188 1169 1727
189 564 1072 1262 1509
190 491 2135
191 382 608 1677 1791 1998 2385
192 2472
193 441 458
194 473 1050 1451 2564 2646
195 2424
196 429 442 2122
197 231 2412
198 1255
199 420 1869
200 1439 2676
201 297 570 598 1701 1986 2430
202 353 1173 1250 1345
203 854 857 963 1115 1869
204 415
205 1701 1869
206 2691
207 833
208
209 2681
210 1079 1614 1626 1671 1905 1906 1907 2309
211 356 1394 1908 1909
212 1290
213 1593 2192
214 2194
215 1701 1986 2045
216 1542 1701
217 243 2473 2474
218 482 733 781 792 1020 1348 1382 2076 2091 2119 2594
219 507 1413 1542
220 376 817 913
221 817
222 821
223 744 1154 1761
224 1810 2034
225 2255
226 1701
227 534 883
228 322 848 1358 1721 1871
229 1053 1405 1894 2118
230 549 577 1095 1217 1810
231 232 387 551 1701 1868 2217
232 869 1701 1864 1986
233
234 610 2591
235 1701
236 306 1072 1572 2045 2046 2078 2079
237 2539
238 1828
239 619 887 910 1069 1220 1274 1376 1759 1909 2021 2182 2418
240 512 756 1472 1692
241 1441
242 279 838 1131 2280
243 473 2474 2647 2648
244 565 1072 1358 1610
245 782 1162
246 936 1358 1687 2515
247 2583
248 1264 1531 1964
249 621 1884 1978
250 2429
251 253 507 812 1300 1413 1542 1933
252 711 973 1973 2485
253 507 1413
254 507 1211
255 1266 1343 2112
256 756
257 964 1388 2180
258 963 1094 1153 1240 1401 2645
259 2537
260 365
261 873 1479 1701 1894
262 1351 1464
263 364 732 1103
264 472 844 1826 1902
265 1441
266 578 809 2227 2229
267 670 2000 2373
268 1740 2451
269 321 418 2543 2551
270 279 838 1195 1215 2280
271 638 1970 2387 2498
272 2012
273 374 846
274 748 749
275 805 1967
276 1463 1695 2133
277 553 696 973 1869
278 1185
279 304 502 666 838 1195 2165 2280 2344 2423
280 1535 2155
281 746 1000 1347 1382 2244 2247
282 747
283 1559 2250
284 583 2222 2223 2224 2225 2226
285 502 1999
286 442 698
287 2705
288 618
289 1358 1722
290 328 567 687 1765 2359
291 1692
292 2562
293 2038
294 306 2047
295 1176 1177
296 732 2685
297 598 899 1542
298 607 1095 1325
299 1484 2383 2386 2387 2498
300 415 634
301 1169 2492
302 306 350 719 1158 1253
303 719 1670 2143
304 1172 1857 2423
305 1416 1927
306 308 329 350 417 426 452 476 487 519 542 554 573 581 608 655 656 719 887 910 958 973 1009 1045 1072 1158 1193 1245 1251 1346 1367 1483 1490 1551 1572 1584 1640 1651 1656 1705 1770 1771 1772 1775 1779 1781 1782 1787 1797 1798 1799 1802 1804 1805 1856 2045 2046 2048 2078 2080 2084 2085 2086 2087 2088 2089 2090 2091
307 991
308 350 1253 1670 2045
309 383 2268 2305
310 352 875 892 990 1241 1272 1331 1581 1815 1944 1945 1946 1947 1948 1949 1950
311 343 690 1132 1865
312 1610 1722 1740
313 2296
314 1623 2000
315 408 423 1602 1921 2232
316 598 766 845 920 1073 1297 1821 1868 2004
317 1624 1785
318 563 1701 2045
319 1205
320 348 1597
321 1083 1450
322
323 498 2020 2022
324 827 2156 2194
325 787 1848
326 1358 1754
327 928 1325 1996 2063 2064
328 951 1250
329 1798 2598
330 1505 2123
331 1527 2480
332 665 2003 2122 2615
333 1358 1694
334 693 1013
335 1701 1986
336 1944 1950
337 1214 1358 1499 1776
338 1413 1542 1934
339 813
340 584 2463
341 613 1358 1389 1546 2045
342 1072 1512
343 1701
344 389 441 661 854 2323
345 833
346 999 1358
347 408 423 525
348 1643 2248 2250
349 419 465 2427
350 406 656 1623 1640 1775 1778 1782 2084 2085 2089 2090
351 1810
352 1294 1944
353 1173 1345 2507
354 659 1803 2453
355 1668
356 498 1259 2018 2116
357 657 1154 1358 2652
358 2642
359 389 1483 1620
360 1409 1824
361 2681
362 1966
363 1003
364 732 819 970 1306 1358 1606 1632 1756 2642
365 2469
366 553 745 1583 1986
367 2083 2451
368 428 996 1194 1366 1545 2249 2393
369 385 2484
370 1408 1414 1415 2269
371 720 1354 1414 1415 1441 1553 2375
372 626 1710 1834 2377
373 1025 1042
374 413 846 1101 2146 2147 2149
375 963 2401 2434 2435
376 672 1583
377 678 733 1265 2291
378 602
379 904 1022 1898 1959
380 477 930 2569
381 2518 2538
382 1203 2034
383 733 1704 2268
384 1623 1624
385 2483 2484
386 2114 2115 2117
387 519 2191
388 1899 2497
389 704 905 1077 1483 1743 2450
390 1108
391 493 1986 2365
392 720 1415 1619 1825 2269
393 739
394 577 849 1063 1064 2351
395 640 1147 2367
396 1217 1988
397 665 879 1096 2329
398 730 2177
399 544 1089 1769 2107
400 1354
401 733 1065 1096 1160
402 507 776 1413 1542 1932 1936 1940
403 464 806 1037 1383 1742 2503 2654
404 1170 1476
405 738 1275 1927 2059
406 505 2505
407 409 695 1681 1682
408 525 734 1841 2056
409 1624 1681 2084
410 676 1179
411 1096 1488 1577 2609
412 1616 1849
413
414 711
415 525 593 737 818 851 966 1174 1309 1527 1644 1677 1843 1847 1850 1908 2014 2178 2182
416 519 1701
417 1072 1871 2034 2494
418
419
420 1869
421 2213 2216
422 545
423 525 527
424 436 1203
425 2466
426 487 1772 1777 1782 1789 1805
427 565 1528
428 996 1257 2248 2671
429 523 705 794 863 1493 1618 1669 1807 1889 2001 2041 2043 2044
430 2130
431 2694 2695
432 1442 1597
433 436 756
434 1117 1524 1693 2133 2408
435 486 733 1912
436 483 498 668 816 878 885 1039 1131 1332 1494 1977 1978 1979 1980 1981 1982
437 498 718 950 1495 1985
438 718 787 1667 1983 1984 1985
439 1169 1642
440 441 725 895 1296 1913 2179
441 454 671 1455 1537 2094 2184
442 588 627 698 1051 2120 2362
443 1010 1264 1531 1966
444 488 515 582 623 828 2289 2290 2464
445 909 1434
446 903 1507
447 1616 1849 2638
448 472 1824 1826 1902
449 1280 1834 2581
450 1569 2538
451 671 935 2285
452 1258 1623
453 1806 2305 2306
454 581 973 1441 1661 1917 2022 2188 2189 2190
455 1664 2147 2486
456 525 544 667 1580 2054 2199 2347 2472
457 1201 2215 2216
458 1122 1276 1555 1953
459 1623 1681
460 1986 1989 2532
461 1203 2309
462 1048
463 1702 1703 1964 1966
464 1758 2444 2445
465 896 1403 1869 2304
466 970 1305 1358 1738 2546
467 1172 1701 1708
468 647 1311 1313
469 620 2304 2412
470 652 854 857 1097 1115
471 1013 2013 2394
472 559 844 1182 1183 1825 2029
473 1575 2647
474 1181
475 2219
476 1140 1800 1986
477 930 2569
478 514 1978 2024
479 1880
480 598 687 1426 1710 2359 2372
481 823 1287 1810 2291
482 790 1807 1810 1812 1814 2230 2307 2308
483 816 2405
484 542 1367 1699 1775 2046 2081
485 839 1042 2219
486 2077 2667 2668
487 655 859 1705 1772 1773 1782 1798 2026 2080
488 2547
489 1358 2390 2391
490 826 1131 1309 1463 1879 1973 1981 2099 2105
491
492 688 956 1257 1533 2538 2673 2678
493 1244 1759
494 2614
495 1327 1328 2192
496 596 711 992
497 2419
498 1652
499 2457 2458
500 2241
501 1358 1765
502 1976
503 576 1692 2001
504 1973 2394 2396
505 573 843 1180 1251 1258 1304 1448 1560 1779 2083
506 1013 1352 1914 1918
507 812 1176 1211 1300 1363 1413 1931 1933 1936 1940 1941 2508
508 2325
509 1101 2146 2148
510 1013 1131 1171
511 549 1810
512 756 1472 1692
513 565 657 1528
514 1314 1882 1978
515 623 1102 2464 2465 2547
516 1882 2104
517 952 2105
518 666 1373 2423
519 598 836 1346 1574 1670 1986 1998 2045
520
521 598
522 2097
523 949 2406
524 552 979 1169 1358 2476
525 1540 1628 2054 2057 2172 2180 2181 2182 2183
526 565 1007 1216 1742
527
528 803
529 1417 1419 2260
530 1013 1505 2094
531 606 2308
532 1701 1863
533 1742 2466
534 609 629 933
535 2392 2641
536 567 1894
537 1165 1593 1698 2192
538 1286
539 711 1616 2155
540 747 1441 2527
541 647 904 1022 1360 1896
542 1245 1623
543 984
544 1580 1769 2052 2199 2347
545
546 1608 2127
547 598 1701
548 809 843 1523 1937 2138
549 1497 1810
550
551 2388
552 1169 1358 2201
553 745 1127 1583 1995 2009
554 685
555 1463
556 1623 1805
557 1725
558 876 1189 1706 2585
559 1182 1579
560 774 2526
561 1016
562 704 1483 1735 2450
563 1337 1701 2045
564 1262 2476
565 687 1038 1361 1398 1528 1610 1723 2279
566 1907 1986
567 631 760 1262 1513
568 1116 1223 1810
569 1759 2512
570 2430
571 696 1570
572 1416 2025 2418
573 643 1313 2407
574 576 1692 2001
575 2283
576 665 1810 2348
577 849 870 906 1063 1129 1518 2351 2352 2353 2354
578 1105 1879 1974
579 994 1134 1808
580 744 1358 1742 1758 1765 2444 2445
581 1616 1623 1792
582 2548 2549
583 2224 2225
584 623 2289 2463 2464
585 2526
586 1218 1224 2155
587 1032
588 698 2383
589 980 1158 1624
590 1441 1954
591 642 1017 1078 1423 2472
592 2669
593 1115 1474
594 663 2195
595 1016 1256 2176
596 644 992 1914
597 1104 1628
598 637 766 845 869 968 1003 1100 1107 1297 1299 1301 1473 1573 1636 1821 1823 1864 1870 1875 2138 2707
599 1093 1271
600 2394
601 2229
602
603 716 795 1248 1821 1873 2045
604 1351 1652 1914 2109
605 1107 2534
606 1666 2230 2360 2361
607 1213 1664
608 1623 2080
609 883 1041 1358 2446 2447 2448
610 826 2287 2288 2481
611 2690
612 2235
613 1358
614 888 1475 2470
615 2443
616 1358 1739 2365 2503
617 705 2034
618 938
619
620 923 2534
621 1332 1978 2018
622 886 1002 1951 1952
623 2289 2464
624 1042 1232
625 1024
626 1358 2556 2558
627 2122 2238 2335
628 1169 1725 1764 2546
629 883
630 973
631 2358
632 1430
633 1701 1866
634 2227
635 2058
636 2233
637 1641
638 783 808 893 924 1773 2387
639 900
640 765 894 1090 1598 2420
641 2704
642 2472
643 1167 1538 2407
644 711 728 1258 2177
645 891 950 1267 1358 1495 1824 1826 1895 1898 1899 1900 1901
646
647 904 1267 1360
648 1441
649 1171 1457
650 819 1250 1486 1557 1685 1756 2083
651 885 1667 1984 2023 2024 2156
652
653 1231
654
655 2080
656 2090
657 867 871 1229 1254 1729 1740 2440 2442 2522 2523
658 2147
659 1803
660 1623
661 807 830 935 1028 1045 1353 1878 1879 1880 1881 1882 1883 1884 1885
662 932
663 2195
664 1701
665 2120 2122
666 1850 1973
667 2364 2472
668
669 729 1086 1124
670 2606
671 973 2025
672 2456
673 1907 1986
674 1907
675 2356
676 1955 2235
677 954
678 733
679 1395
680 2199
681 1171 1445 1446 1986
682 973 1224
683 834 2169
684 1282 1358
685
686 1358 2366
687 1033 1171 1358 1546 1586 1610 1710 1721 1725 2359 2372
688 1257
689 1169 1292 1317 1358 1721
690
691 2034 2130
692 2629
693 763 1851 2108
694 1478 2516
695 948 1012 1336 1681 1682 1790 1998 2319
696 1570
697 1080
698 1015
699 1701 2045 2327
700 1691
701 735 739 2062
702 777 779 822 993 1368 1637 2069 2070 2101
703 801 1961 2497
704 969 1412 1483 1743 2113 2450
705
706 805 963 1240 2238 2645
707 763
708 836 1358 2212 2216
709 1896 1903
710 1392 2212 2213
711 1285 2111 2112 2113
712 850 1464 2480
713 1044
714 1385
715 2291
716 1810 1821 2409
717 1907
718 1416 2059 2261
719 1623 1810
720 1441
721 1034
722 1273 1567 1874 2500 2501
723 2614
724 1344 2394 2395
725 1104 1137 1652 2071
726 1533 2671
727 1386 2570
728 1070 1296 2388 2553
729 1159 1221 1701 2534
730
731 901 1279 2199 2203
732 1756 2685
733 759 794 862 1062 1160 1192 1265 1294 1329 1682 1817 1818 2008 2011 2035 2268 2291 2301 2302 2303 2304
734 736 751 964 1006 1388 1841 2056 2197 2202 2277
735 739 1237 1543 1881 1958 2060 2061 2062
736 751 964 1006 1388 1631 1841 2197 2202
737 1269 1630 1974 2136 2178
738 1080 1927 2162
739 1237 1543 1881 1958
740 1002 2033
741 831 1011 1088 1282 2093
742 1483 1620 1743
743 745 1239 1570 1986
744 1154 1358
745 1127 1986 1995 2009
746 1303 2006
747 1538
748 1103 1145 1169 1358 1374 1550 1568 1617 1732 2553
749 1333 2155
750 1441
751 1204 2198 2202
752 957 2083 2451
753 1269 1880
754 1358 1483 2450
755 1277 1898 2071
756 885 1469 1472 1692 2186 2187
757 1284 1358 2421
758 1358 1762 2492
759 1703
760 985 1426 1513 2459 2460
761 1401 1443
762 859 2448
763 1635
764 796 1358 1606 1612
765 1147 2367
766 845 1297 1868
767 873 1701 2314
768 1566 1723 1724
769 1927
770 1894 2117
771 1080 1156
772 908
773 1072 1505
774
775 2075
776 1413 1542
777
778 779 1224 1370 1914 1919
779 1224 1370 1592 1914 1919 1973
780 2341
781 2402
782
783 893 1061 1143 2376
784 960 1701
785 1664
786 947
787
788 1031 1952 2033 2041 2205
789 1240 1703
790 1548 1810
791 2034 2130
792 1488 1558 1986 2555
793 1896 1902 1903 2592
794 863 1160 1590
795 1645 1810
796 1103 1317 1358
797 800 1358 1833 2359
798 1381 1793 1794 1795
799 961
800 820 889 1834
801 1470 1961 2516
802 1307
803 2100
804 1307
805 963 2236
806 1383
807 1226 1955 1956
808 924 1785 2383
809 1115 2228 2229
810 1068
811 855 900
812 1300 1413 1542
813 2376
814 893 1158 2382 2383
815 1174 1344 2017 2018
816 1842 1980 2282 2405
817 1736 1763 2456
818 1999
819 1358 1606
820 889
821
822 1973
823 1169 1358 1765 2221
824 1831
825 1765
826 2287 2528
827 1039 1921 1999
828 1795 2464
829 1816
830 1914 2100
831 1011 1358 1638 1733 2093
832 2600
833 1130 1641 1678 2036 2495 2595
834 876 2168
835 1121 1134 1654 1810
836 1013 1131 1343 1572 2078 2403
837 1422 2248 2670
838 868 1131 2280
839 965 2277
840 1903 2481
841 2034
842 2016
843 2339 2542
844 1902
845
846 2146
847 2189 2422
848 985 1373
849 1993 2351
850 1464 2278
851 1309 2018
852 1800
853 1169 1358 1762
854 857 935 1097 1884
855 2493
856 1390 2248
857 1097 1246
858 2182 2502
859 1030 1199 2096
860 1427 1527 1758
861 1397 2068 2330
862
863 1160 1590
864 1065 2210
865 2653
866 1049
867 871 1229 1252 2439 2440 2442 2522 2523
868 988 1195 1341 1526 1844 2099 2276
869 1440 1701 1864
870 1119 2126
871 1229 2530 2652
872 1340 1413 1542
873 1358 1479 1708 2313
874 1701
875 914 1942 1945 1950
876 1358 2168 2584
877 1176 1177 1300 1413 1542 1935
878 885 2326
879 1558
880 973 1013
881 1155 1199
882 1358
883 933
884
885 1039 2024 2386
886 1400
887 910 1623 1624
888 1475 1556
889 1830 1831 1832
890 1269 1314
891 1674 2608
892 1950
893 911 1051 2383
894 1845 2367
895 1187 1296 1913
896
897 1152 1156 1410 1494 1907 1983 2295
898 1835 1836 2160
899 1055 1858 1986
900
901 1042 1279 2073 2186 2199
902 1284 1358 1604
903 2030 2031
904 1312 1360 1959
905 1282 1483 1620
906 2351 2353
907 1351 1916
908 1013
909
910 1623 2085
911 1051 1534 2376
912 2130
913
914
915 1035 1740 2415 2597
916 1026
917 2639
918 1098 1542 2065
919 1358
920 1893
921 1914 2134 2293
922 1307 1406
923
924 2383
925 1222
926 1862
927 1316 2140
928 1326 2063
929 1358 2627
930 2569
931 1433
932
933 1038
934 2356
935 973 1873
936 1067 2515 2530 2641
937 1180 1304 2096
938 2027 2230
939 2173
940 1829
941 2517
942 1924 1952
943 1196
944 2138
945 1072 1512 1911 2388
946 1966 2623
947
948 1395 1681 1682
949
950
951 1358
952 2546
953 2565 2566 2567
954 1112
955 1482 1914
956 2677
957 1154 1358 1557 1685 1757 2083 2167
958 1072 1798
959 2529
960 1776 2650
961 1728 2555 2599
962 1062 1665 1806 1807 1808 1809 1810
963 1094 1141 1157 1417 1443 1703 1785 2240 2399 2400 2401 2434
964 965 1388 2198
965 1693 2197
966
967 2659
968 1603 1986
969 1483 1735 1743 2450
970 1358 2365
971 1650
972 1000 2247 2579 2580
973 1072 1142 1583 2016 2019 2153
974 1496
975 2097
976 998 1431
977 1281
978 998 1358
979 1303 1503 1839 1957 2207
980 1367 1623
981 1159 1221
982 1091 1256 1458 2175 2176
983 2130
984 1068 2265
985 1073 1149 1358
986 2697
987 1175
988
989 1507 1645 2285 2436
990 1054 1542
991
992
993 2155
994 1219 1329 2309
995 1309 1912 2385
996 1135 1257 2248 2518
997 1837
998 1103 1284 1431 2365
999 1358
1000 1325 2543
1001 2662
1002 1952 2033 2034
1003 1373 1687 2607
1004 1489 1810
1005 1541
1006 1302
1007 1154 1742 2466
1008 1416 1922 2059 2575
1009 2096
1010 1966
1011
1012 1336 1681 1682 1797
1013 1120 1293 1403 1464 1521 1583 1625 1644 1661 1675 1729 1840 1841 1842 1843 1844 1845 1846 1847 1848 1849 1850 1851 2045
1014 1558
1015 1068 1143 1385 1425 1452 1481 1519 1618 1788 1789 2262 2263
1016 1256 2176
1017 1475 2472
1018 2378
1019 1457
1020 2075 2077 2667
1021 2309
1022 1168 1276 1961 1962 1963
1023 1701 1986 2568
1024
1025 1042
1026 1303 2034 2531
1027 2394
1028
1029 2166
1030
1031 1952
1032
1033 2168
1034
1035 1433 1486 1740 1801 1833
1036 2562
1037 2447 2654
1038 1358 2503
1039
1040 1169 1317 1358 1765
1041 1243 1358 1466 2390 2448
1042 1047 1118 1125 1198 1481 1517 1628 1925 1926 2051 2052 2054 2055 2073 2198 2333
1043 2309
1044
1045 1571 1773
1046 1510 2336 2387 2587
1047 1588 2333
1048
1049 1432 1894 2610
1050 1081 1230 1320 1342 1380 1569 1634 2563 2564
1051 2122 2383
1052 1701
1053 1405
1054 1099 1432 1577 1605 1950
1055 1577
1056 2482
1057 2409
1058 1195
1059 1600
1060 1441
1061 1196 2376
1062 1192 1810
1063 1518
1064 2351 2352
1065 1096 1699 2211
1066 1574
1067 1216 1830 2307 2448
1068
1069
1070 1072 1167 1358 1470 1725 1829
1071 1135 1257 2248 2671
1072 1262 1358 1478 1483 1505 1725 1733 1740 1784 1797 1798 1799 1800 1801 1802 1803 1804 1805
1073 2163
1074 1501 1675 1676
1075 1124 1701
1076
1077 1483 2113 2450
1078
1079 1218 1914
1080 2162 2344
1081 2563
1082 1534 2386
1083 1232 1450 2114
1084 1213
1085 1421 2109 2110 2394
1086 1124 2247 2579
1087 2434
1088 1089
1089 1552 2086
1090 1093 1147 1271 1598 2367
1091 1256 2176
1092 1106 1171 2501
1093 1271 1598 2367
1094 1369 1443 1653
1095 1325 1810 1986 2613
1096 1633
1097 1115 1869
1098 1477 2066 2067
1099 1577 1607
1100 1701
1101 1242 2146 2148
1102 1207 2290 2464 2465
1103 1123 1284 1358 1480 1520 1718 1748 1760 1886 1887 1888
1104 2264
1105
1106 1874 2501
1107 1810 2243 2379
1108
1109 1533 2671 2674 2675
1110 1120 1224 2025 2295
1111 1119 1273 2125 2126 2129
1112
1113 1650
1114 1717 2560
1115 1529 2276
1116 1223
1117 1628 2499
1118 1416 2155
1119 1235 1273 1462 1663 1697 2124 2125 2126 2127 2128 2129
1120 1583 2025 2194
1121 1131 1410 1655 1810 2136
1122
1123 1358
1124
1125 2332
1126 1823
1127 1583 1986
1128 1441 1954 2275
1129 1518 2351 2352 2353
1130 2495
1131 1133 1215 1224 1500 1538 1655 1909 1930 2155 2185 2280 2281 2282 2283
1132
1133 1500 1538 2185
1134 2296
1135 1257 2248 2518 2671 2678
1136 1189 2359 2554
1137
1138 2248 2250
1139 1628 2054 2182
1140
1141 2294
1142 2326
1143 1618 2155 2262 2376
1144 1245 1623
1145 1169 1358
1146 1505 1506 2254
1147 1598 1865 2367 2371
1148 1317 1747 2220 2221
1149 1358 1894 1986
1150 1243
1151 2570 2700
1152 1927 2155 2416
1153 1401
1154 1358 1714 1715 1742 2514 2515
1155 1229
1156
1157 2240 2463
1158 1635 2251 2252 2382
1159 2534
1160 2268
1161
1162 1510
1163 1402 2132
1164 1287
1165 1593
1166 1986 2582
1167
1168 1955
1169 1358 1714 1719 1720 1731 1734 1737 2220 2476 2492
1170 1476
1171 1295 1355 1855 1909 2359
1172
1173 1250
1174 1912 2394
1175 2359
1176 1542 1935
1177 1542 1935
1178 1529 1908 1984 2350
1179 1955
1180 1304
1181
1182 1183 1579
1183 1354 1579 1824 1825
1184 1190 2100
1185 1460 1992 2349 2358 2589 2590
1186 2535 2574
1187 1188
1188
1189 1358 2359
1190 1387
1191 1558 2241 2339
1192 1621
1193 1705
1194 1366 2670
1195
1196 1367 1624 2300
1197 1791 1998
1198
1199 1214 1566 1599 1716
1200 1502 2207 2414
1201 2214 2533
1202 1428 1510 2336 2376 2524
1203 1215 1410 1842 2155
1204 1330 1602 1838 1839
1205 1358 1761
1206 1257 2671
1207 2290 2464
1208
1209 1358 1737
1210 1648
1211
1212 1701
1213 1290
1214 1499 1716 1745
1215 1894
1216 2446 2503
1217
1218 1927 2116
1219
1220
1221 1577 1607 1949
1222 1224
1223
1224 1291 1341 1370 1525 1526 1583 1587 1660 1732 1848 1851 1919 1975 2151 2152 2153 2154 2155 2156
1225 1450 2579
1226 1955 1956 2528
1227 1269
1228 1536 2580
1229 1254 1308 1358 1384 1506 1627 1749 2439 2440 2441 2442
1230 1342
1231
1232
1233 2433
1234 1702 1703 1966
1235 1462 2126 2577
1236 2479
1237 1958
1238 1358
1239 2027 2611
1240 1443 1702 2237
1241 1701 1950
1242 2146 2148
1243 1358
1244
1245 1770 2080
1246
1247 1679
1248 1651 2045
1249 1483 2556 2558
1250 2507
1251 1448 1623
1252 2656
1253
1254 1308
1255 2248
1256 1761 2175 2176
1257 2248 2249 2518 2538 2671 2673 2677 2678 2679
1258
1259 2342
1260 1559 2250
1261 2130
1262 1509
1263 1407
1264 1531
1265 2291
1266 1529 1984
1267 1824
1268 1929 2309
1269 1314 1630 1880 2227
1270 1622 2034
1271 2367
1272 1945 1947 1950
1273 2034 2124 2125 2126 2129
1274
1275 1468
1276 1962
1277
1278 2268 2305 2306
1279 2186 2203
1280 2612
1281 1358 1746 1748
1282 1283 1483 1735 1776 2324
1283 1776 2324
1284 1358 1604 2450
1285 2182
1286
1287 1358
1288 1309
1289 1622 1705
1290 2258
1291 1660 2154
1292 1317 1358
1293 2418
1294
1295 1987
1296 1910 1911 1912 1913
1297
1298 2703
1299 1701 1810
1300 1542 1933 1940 1941 2508
1301 1315 1316 1542 2140
1302
1303 2163
1304
1305 1358
1306 1317
1307 1444 2536
1308 1627
1309 1338 1625 1677 1741 1882 2015 2102 2103 2178
1310 2692
1311 1312 1313 2080
1312 1313
1313 2407
1314
1315
1316 1679
1317 1719 1720 1739 2220 2221
1318 2661 2662
1319 2034
1320 1349 1491 2684
1321 2501
1322 2265
1323 1701
1324 2035 2265
1325 2063 2247
1326 2063
1327 1328 2161
1328 2160
1329
1330 1837 2068
1331 1576 1810
1332 2024
1333 1973 2195 2312
1334 1542 1577 1701 1941 1950
1335 1856 2087 2090
1336 1452 1797 2032 2033 2034
1337 1701 2045
1338 1912 2385
1339 1358 1753
1340 1413 1542 1943
1341 2425
1342
1343 1507 1645 2165 2316
1344 1928 2315
1345
1346 1670
1347 1997
1348 1810 2163 2605
1349 1634 2684
1350 1443
1351 1362 1535 1592 1972 2134 2282
1352
1353
1354 2270
1355 1957
1356 1613
1357 2025 2170
1358 1384 1389 1444 1471 1480 1483 1492 1499 1516 1546 1550 1562 1565 1568 1599 1604 1620 1646 1708 1709 1710 1711 1712 1713 1714 1715 1716 1717 1718 1719 1720 1721 1722 1723 1724 1725 1726 1727 1728 1729 1730 1731 1732 1733 1734 1735 1736 1737 1738 1739 1740 1741 1742 1743 1744 1745 1746 1747 1748 1749 1750 1751 1752 1753 1754 1755 1756 1757 1758 1759 1760 1761 1762 1763 1764 1765 1766 2597
1359 1464 1914 2278 2480
1360 1650 1902 1904 1960 2491
1361 1528
1362 1372 1914
1363 1413
1364
1365 1702 1703 2509 2519
1366 2248
1367 1584 1656 1778 2080 2143
1368 1911 2553
1369 1530 1653
1370 1525 1919 1975 2274 2485
1371 1393
1372
1373
1374
1375 2586
1376 1848 2232
1377 1840 2068 2069 2070 2388
1378 1544 2058 2150
1379 1380 2564
1380 2564
1381 1794
1382 1502 2176 2283
1383
1384
1385 2335
1386 2570 2571
1387
1388 2181 2197
1389 2597
1390 2681
1391 1693
1392 2212
1393
1394 2137
1395 2072 2189 2266 2267
1396 1399 1421 2109 2228 2394 2395
1397
1398 1528
1399 1501 2227 2309 2394
1400 2698
1401 1585
1402 1482 1616 1919 1972
1403 2317
1404 2375
1405 1508 1894
1406 2387
1407
1408 1553 1826 1828 1829
1409 1553 1826 1827 1828
1410 1655
1411 2218
1412 1483 1735 1743 2450
1413 1542 1931 1932 1933 1934 1935 1936
1414 1415 2270
1415 2269
1416 1468 1602 1921 1922 1923 1924 1925 1926
1417 1452 1529 1703 2260 2350
1418
1419 2259 2260
1420 1421 2394 2396
1421 1975 2109 2110 2394
1422
1423 1692
1424 1621 1813
1425 1618
1426 1751
1427 1725 1742 2446
1428 1429 1534 2336 2376 2520 2524
1429 1534 2520
1430 1718
1431
1432 1950 2663
1433 2359
1434 1986
1435 1927 2059 2071
1436 2259
1437 1688
1438 2664
1439 2676
1440 1701
1441 1619 1700 1707 1954 1957 1958 2271 2272 2273 2274 2275
1442 2462
1443 2240 2399 2645
1444 2323
1445 1446
1446
1447 1928
1448 2034 2045
1449 2681
1450
1451 2564
1452
1453 1701 1986
1454
1455 1537
1456 1457
1457
1458
1459 2080 2218
1460 2349 2358
1461 1634 2248
1462 1611 1663
1463 1695 2131 2132 2133
1464 1482 1683 1914
1465 1488 1799
1466
1467 2172
1468
1469 1498 1692 2346 2349 2358 2590
1470 1555 1824 1953 2553
1471 1646
1472 1692 2187
1473 2706 2707
1474 1908 2261 2335
1475 2469 2470
1476
1477 1542 2066 2067
1478 1902
1479 1701 1894
1480
1481 1669 2332 2335
1482 1973 2132
1483 1620 1726 1735 1743 2083 2113 2208
1484 2383 2498 2520
1485 1914
1486 1745
1487 1501 1849 2017 2137
1488 2601
1489
1490 2085 2327
1491
1492 1765
1493
1494
1495
1496
1497 2034
1498 2025 2349 2590
1499 1776
1500 1538 2185
1501 1676 2228 2395
1502 1503 2163
1503 2241 2243
1504 1647 2209
1505 1552 1624 1699 1788 1801 2086 2107
1506
1507 1645 2436
1508 1894 2117
1509
1510 2387
1511 1519
1512 2023 2145
1513 1830
1514 1692
1515 2182 2234
1516 2612
1517
1518
1519 1534 2108 2335 2640
1520 1750 1765
1521
1522 1697 2680
1523 2449
1524 1693 2499
1525 1914 1973
1526 1879 1977 1981 2099 2425
1527 1668 2274 2450
1528
1529 1908 1984 2350
1530 2240 2464
1531 1889
1532 2648
1533 2671
1534
1535 1916 2155 2293
1536 2580 2702
1537
1538 1842 2185
1539 1914
1540 1628 2054
1541
1542 1577 1607 1931 1935 1936 1939 1940 1941 1942 1943
1543 1881 2029
1544
1545 2248
1546 1804 2169
1547 2169
1548
1549 1901 2286
1550 2083
1551
1552 1778 2591
1553 1827
1554 1657 2686 2687 2688
1555 1953 2363
1556
1557 2083 2168
1558 1986 2338 2339 2340
1559
1560 1623
1561 1623
1562 1765
1563 2633
1564 1772 1786
1565 2365
1566 1732 1895 2071
1567 1654 1874 2500
1568 1729
1569 1966
1570
1571
1572 1776
1573 2698
1574 1986
1575
1576 1810
1577
1578 2497
1579 2029
1580 1892 2199 2200
1581 1810 1819
1582
1583 1995 2025
1584 1798
1585 1653
1586 2168
1587 2154
1588 2055 2333
1589 1745 2596
1590
1591 2541
1592 1914 2071 2485
1593
1594
1595 2246
1596 2476
1597
1598 2367
1599 2441 2460 2614
1600
1601 1750
1602 2054 2072 2073 2074
1603
1604
1605 1950 2663
1606
1607
1608 2124 2126 2489
1609 1790 1791 1912
1610 2556 2557 2558
1611 2124
1612
1613
1614 1671 2034
1615 1665
1616 1849 2050
1617
1618 1789
1619 2269
1620 2450
1621
1622 2425
1623 1767 1768 1769 1770 1771 1772 1773 1774 1775 1776 1777 1778 1779 1780 1781 1782 1783 1784
1624 1705 1777 1778 1779 1780 1785 1786 1787 1788
1625 1729
1626
1627 1740
1628 1635 2021 2053 2054 2055 2056 2057 2172
1629 1659 1711
1630 2227
1631 2196
1632 1756
1633
1634 2393
1635 2383
1636 1701 2139 2141
1637 1973
1638
1639 1688 2679
1640
1641 2495
1642 2657 2658
1643
1644
1645
1646
1647 2160 2209
1648
1649
1650
1651 2045
1652 1848 1972
1653
1654 1952 2034
1655 1839 1842 1894 2136 2282 2295 2384
1656 1798
1657 2686 2688
1658 2018
1659
1660 2154
1661 1851
1662 1666 2381 2398
1663 2577
1664 2147
1665 1701 2034
1666 2381
1667
1668
1669 1892 2332
1670
1671 1929 1968 2136 2137
1672
1673 2660
1674 1914 2608
1675 1676 1914
1676 1914 1975
1677 1908
1678 1746
1679 2140
1680 2056 2576
1681 2318 2319 2320
1682 2189 2291 2319 2320 2321
1683 1973 2132
1684 2486 2513
1685 2083
1686 2647
1687 1721
1688 2671
1689
1690 2112
1691
1692 2186 2187 2302 2345 2346 2347 2348 2349
1693 2408
1694
1695 2133
1696 1713
1697 1986 2253
1698 2160
1699
1700
1701 1799 1820 1846 1852 1853 1854 1855 1856 1857 1858 1859 1860 1861 1862 1863 1864 1865 1866 1867 1868 1869 1870 1871 1872 1873 1874 1875 1876 1877
1702 1703 1966 1970 1971 2238
1703 1906 1966 1967 1968 1969 1970 1971 2238
1704 1912 1986 2077
1705 2081 2322
1706 2585
1707
1708 1857 2313 2314
1709 1738 1739 1986 2365
1710 2444
1711 1730 1731 1765
1712 1725 2446
1713 1898
1714 1727
1715
1716 2446
1717 1731 2560
1718 2685
1719 1765
1720 1765
1721 1761 2476
1722
1723 1724
1724 2215 2216
1725 1734 1740 1745 2334 2413 2596 2597
1726 2168
1727
1728 2257 2555 2599
1729
1730
1731 1755
1732
1733
1734 2597
1735 1776 2324
1736 1763
1737 1888 2616
1738 2365 2366
1739 1750 1766 1886 2221
1740 1804 2389 2390 2391 2392
1741 2593
1742 1749 1758 2307 2443 2444 2445
1743 2113 2450
1744 1765
1745 2596
1746
1747
1748
1749 2446
1750 1765 1766
1751 2596
1752 1754
1753
1754
1755 1765
1756 2642
1757 2451
1758 2466
1759
1760
1761 2175
1762
1763
1764
1765 2492
1766
1767 1783
1768 1837 2325
1769
1770 2080
1771 1778
1772 1782 2045
1773 1780 1789
1774
1775
1776 2045 2078 2324
1777 2143
1778 2327
1779 2318
1780
1781 1998 2107
1782 1798 2326
1783
1784 2045 2096
1785
1786
1787 1810 2045 2143
1788
1789
1790
1791 2045
1792 2485
1793
1794 1795 1796
1795 1796 2299 2464
1796 2297
1797 2088
1798
1799
1800
1801 2203 2451
1802 2079
1803
1804 2451
1805
1806 1809
1807 2034
1808 1810
1809 1810
1810 1811 1812 1813 1814 1815 1816 1817 1818 1819 1820 1821 1822 1823 1869
1811 1822
1812 1986 2034 2550
1813
1814
1815 1950
1816
1817
1818 2305 2306
1819 1948
1820 1873
1821
1822
1823
1824 1825 1826
1825
1826 1827 1829
1827 1828
1828
1829 1902
1830 2045
1831
1832
1833 1834
1834 2359
1835 2157 2160
1836
1837
1838 2182 2219
1839 2424 2453
1840 2071
1841 2056
1842 1979 1980 2281 2405
1843
1844 2276
1845
1846 1867 2117 2357
1847
1848 1909 2419
1849 1914
1850
1851 2485
1852 2045
1853
1854
1855
1856 2045 2096
1857
1858
1859 1986
1860
1861
1862 2582
1863
1864
1865
1866
1867 2117
1868
1869 2309
1870 1986
1871
1872
1873 1986
1874 2500 2501
1875 1986
1876 1986
1877 2573
1878 2256
1879
1880
1881 1958
1882
1883
1884 1885 1958
1885 2644
1886
1887 1888
1888
1889 1890 1891 1892 1893 2034 2039 2130
1890 2130
1891 2034 2130
1892
1893
1894 2034 2117 2118
1895
1896 1897
1897 1903
1898
1899 1902 2491 2510
1900 2608
1901 1954 2284 2286
1902 1903 1904
1903 1960 2269 2592
1904 1960
1905 1914
1906 1907 1964 2059
1907
1908
1909 2305
1910
1911 2553
1912 2102 2103 2404
1913
1914 1915 1916 1917 1918 1919 1920 2388
1915 2649
1916
1917 2457
1918
1919
1920 1926 2310 2422 2653
1921
1922
1923 1927
1924 1927
1925 2620
1926 2051 2052 2189
1927 1928 1929 1930
1928 2317 2475
1929 2034
1930
1931
1932 1936
1933
1934
1935
1936
1937 1938
1938
1939
1940
1941 2508
1942
1943
1944 1945 1946 1950
1945 1946 1947
1946 1950
1947 1950
1948 1950
1949
1950
1951 1952 2204 2206
1952 2204 2205 2206
1953
1954 1955 1956 1957 1958 2275
1955 1956 2235
1956
1957 2241 2630
1958
1959 2621
1960 2491
1961
1962 1963
1963
1964 1965 1966
1965
1966 1971
1967
1968 2034
1969 2236 2238
1970
1971
1972
1973 1974 1975 1976
1974
1975 2109 2110
1976
1977
1978
1979 1980 2178 2405
1980 2405
1981
1982
1983 2034
1984
1985
1986 1987 1988 1989 1990 1991 1992 1993 1994 1995 1996 1997 1998 1999 2000 2001 2002 2003 2004 2005 2006 2007 2008 2009
1987 2004 2509
1988
1989
1990
1991 2325
1992
1993
1994
1995
1996 2063 2064
1997 2412
1998 2326
1999
2000
2001 2002 2003 2044 2121 2123 2335 2348 2378 2379 2380 2381
2002 2379
2003 2123
2004
2005
2006 2477
2007
2008 2301
2009 2025
2010 2016
2011
2012
2013
2014
2015 2071
2016 2071
2017 2467
2018 2019
2019
2020
2021 2418
2022 2190
2023 2217
2024 2156 2178
2025 2026 2027 2028
2026 2045 2096
2027 2360
2028
2029
2030 2112
2031 2436
2032
2033
2034 2035 2036 2037 2038 2039 2040 2041 2042 2130
2035
2036
2037
2038
2039 2042
2040 2120 2122
2041
2042
2043 2406
2044
2045 2046 2047 2048
2046 2048
2047
2048
2049
2050 2485
2051 2364
2052
2053
2054 2133
2055 2198
2056 2311 2576
2057
2058 2150
2059
2060
2061
2062
2063
2064
2065 2066 2067
2066 2122
2067
2068
2069 2070
2070
2071
2072 2182
2073
2074 2181 2277
2075 2076 2077 2091 2667 2668
2076 2077 2667
2077
2078
2079
2080
2081
2082
2083 2168
2084
2085 2089
2086 2094
2087
2088
2089
2090
2091
2092
2093
2094 2106
2095 2145 2329 2504
2096
2097 2098
2098
2099 2425
2100 2101
2101
2102 2385
2103 2385
2104
2105
2106
2107
2108
2109 2110
2110
2111
2112 2436
2113 2450
2114 2509 2519 2588
2115 2117 2519
2116
2117 2118
2118
2119
2120 2637
2121 2122
2122 2123
2123 2380
2124 2125 2126 2127
2125 2126
2126
2127 2130
2128 2129
2129
2130 2249
2131 2133 2182
2132
2133 2182
2134
2135 2282
2136
2137
2138
2139 2140 2141
2140
2141 2142
2142
2143
2144 2145 2329 2331 2504
2145
2146 2147 2148
2147 2486
2148
2149
2150
2151 2423
2152 2385
2153 2155
2154
2155 2293 2294 2295
2156
2157 2158 2159 2160
2158
2159 2160
2160 2161
2161
2162 2163
2163
2164 2217 2282
2165
2166
2167
2168 2169
2169
2170 2171
2171
2172 2182
2173 2174
2174
2175 2176
2176
2177 2367 2371
2178
2179
2180 2182 2183
2181 2196 2197 2202
2182 2198 2231 2232 2233
2183
2184
2185
2186 2199
2187
2188
2189
2190
2191
2192
2193 2194
2194 2195
2195
2196
2197
2198
2199 2200 2201
2200
2201
2202
2203 2330 2511
2204 2521
2205
2206
2207 2241
2208
2209
2210
2211 2356
2212 2216
2213
2214 2216
2215 2216
2216
2217
2218
2219
2220 2221 2525
2221 2507
2222 2224 2225
2223 2224
2224 2225 2226
2225
2226
2227 2228
2228 2394 2395
2229
2230 2296
2231 2292
2232
2233 2291
2234
2235
2236 2237
2237 2238
2238 2239 2240
2239
2240 2399
2241 2242
2242 2539
2243 2244 2245 2246
2244
2245 2246
2246 2247
2247 2509 2543
2248 2249
2249 2518 2671
2250
2251 2252
2252
2253
2254
2255
2256
2257
2258
2259 2335 2337
2260
2261
2262
2263 2490
2264
2265
2266 2267 2321 2364
2267
2268 2291
2269 2270
2270 2375
2271
2272
2273
2274
2275
2276
2277
2278
2279 2466
2280
2281 2405
2282
2283
2284 2285
2285 2286
2286
2287 2288
2288
2289 2464
2290 2464 2496
2291 2292
2292
2293
2294
2295
2296
2297 2298 2299
2298
2299
2300
2301
2302
2303 2541
2304 2385
2305 2306
2306 2552
2307
2308 2559
2309
2310
2311 2576
2312
2313
2314
2315
2316
2317
2318
2319
2320
2321
2322
2323
2324
2325
2326
2327 2328
2328
2329 2330 2331
2330
2331
2332
2333
2334
2335 2336
2336 2524
2337
2338 2555
2339 2340
2340
2341
2342
2343 2344
2344 2475
2345
2346 2349
2347
2348
2349 2358
2350
2351
2352
2353
2354
2355 2356 2357
2356 2357
2357
2358
2359 2372
2360 2578
2361
2362
2363
2364
2365
2366
2367 2368 2369 2370 2371
2368 2370
2369 2370
2370
2371
2372
2373
2374
2375
2376
2377
2378
2379
2380
2381
2382 2383
2383
2384
2385
2386
2387
2388
2389 2451
2390 2391 2451
2391 2451
2392 2451
2393
2394 2395 2396 2397
2395
2396
2397
2398 2493
2399 2434
2400
2401 2434 2435
2402 2403
2403
2404
2405
2406
2407
2408
2409
2410 2411
2411
2412
2413 2414 2415
2414
2415 2597
2416 2417
2417
2418
2419
2420
2421
2422
2423
2424
2425 2426
2426
2427 2428
2428
2429
2430
2431 2432
2432
2433
2434
2435
2436
2437 2438
2438
2439 2530 2652
2440 2530
2441
2442 2530 2614
2443
2444 2503
2445 2503
2446 2447 2448
2447
2448
2449
2450
2451 2452
2452 2685
2453
2454
2455
2456
2457 2458 2649
2458
2459 2689
2460
2461
2462
2463
2464 2465
2465
2466
2467 2468
2468
2469
2470
2471 2493
2472
2473 2648
2474
2475
2476 2651
2477
2478
2479
2480
2481
2482
2483 2484
2484
2485
2486
2487
2488
2489
2490
2491
2492
2493
2494 2495
2495
2496
2497
2498
2499
2500
2501
2502
2503
2504
2505
2506
2507
2508
2509 2519
2510
2511
2512
2513
2514 2515
2515 2530
2516 2517
2517
2518 2538
2519
2520
2521
2522 2656
2523
2524
2525
2526
2527
2528
2529
2530
2531
2532
2533
2534 2535
2535
2536
2537
2538
2539 2540 2632
2540
2541
2542
2543
2544
2545
2546
2547
2548
2549
2550
2551
2552
2553
2554 2689
2555 2599
2556
2557
2558
2559
2560 2561
2561
2562
2563
2564
2565 2566 2567
2566
2567
2568
2569
2570 2572 2573
2571
2572
2573
2574
2575
2576
2577
2578
2579
2580
2581
2582
2583
2584
2585
2586
2587
2588
2589
2590
2591
2592
2593
2594 2680
2595
2596
2597
2598
2599
2600
2601 2609
2602 2603
2603
2604
2605
2606
2607
2608
2609
2610
2611
2612
2613
2614
2615 2696
2616
2617
2618 2619
2619
2620
2621
2622
2623
2624 2701
2625 2626
2626
2627
2628
2629
2630 2699
2631
2632
2633
2634 2635 2636
2635
2636 2693
2637
2638
2639
2640
2641
2642
2643
2644
2645
2646
2647
2648
2649
2650
2651
2652
2653
2654 2655
2655
2656
2657
2658
2659
2660
2661
2662
2663
2664
2665 2666
2666
2667 2668
2668
2669
2670 2679
2671 2672 2673 2674 2675
2672
2673
2674 2675
2675
2676
2677
2678
2679 2682
2680
2681 2683
2682
2683
2684
2685
2686
2687 2688
2688
2689
2690
2691
2692
2693
2694 2695
2695
2696
2697
2698
2699
2700
2701
2702
2703
2704
2705
2706 2707
2707
