# Undirected graph (each pair of nodes is saved twice):as19991212.txt
# Autonomous systems (from the BGP logs) - 12 12 1999 
# Nodes:1476	Edges: 3254
# FromNodeId	ToNodeId
1	701
1	286
1	2828
1	2914
1	293
1	3561
1	1800
1	7018
1	2497
1	1239
1	189
1	5727
1	14045
1	1673
1	86
1	7170
1	2685
1	13315
1	5006
1	7260
1	4200
1	6461
1	2548
1	6301
1	5696
1	11354
1	1740
1	6453
1	4550
1	6172
1	6201
1	5650
1	71
1	33
1	10911
1	12179
1	3
1	3360
1	7756
1	209
1	1691
1	200
1	7176
1	6555
1	3847
1	8092
1	3356
1	6467
1	32
1	174
1	5646
1	226
1	8938
1	8959
1	4565
1	6993
1	2856
1	1833
1	8918
1	3967
1	3303
1	5413
1	3549
1	8750
1	3257
1	11341
1	14150
1	10553
1	11853
1	13942
1	11854
1	11573
1	11839
1	3126
1	10910
1	10912
1	13599
1	13832
1	12184
1	10913
1	11527
1	4544
1	13681
1	3491
1	5737
1	6227
1	11104
1	10827
1	34
1	46
1	199
1	5691
1	6
1	48
1	2637
1	668
1	297
1	11499
1	10725
1	600
1	10437
1	11039
1	3450
1	3932
1	6922
1	5723
1	3527
1	3749
1	10561
1	11674
1	89
1	7037
1	4648
1	3404
1	70
1	4911
1	11784
1	6597
1	7430
1	140
1	12013
1	1236
1	11417
1	3292
1	13708
1	6995
1	2551
1	3209
1	10487
1	5693
1	144
1	10506
1	6261
1	4010
1	12079
1	7355
1	12228
1	7386
1	763
1	12007
1	625
1	12207
1	1830
1	12025
1	11148
1	11145
1	7021
1	8114
1	7193
1	11147
1	11146
1	8017
1	7192
1	10719
1	8113
1	8112
1	6350
1	8016
2	5696
3	1
3	145
3	293
4	11422
6	1
7	786
8	4557
8	114
9	5050
9	9
9	145
12	11537
12	145
13	7170
13	668
13	213
14	11537
14	14
14	1785
14	145
16	293
17	11537
17	701
18	6922
18	145
18	3354
20	11537
20	145
22	7170
25	11423
25	1852
26	1785
26	145
27	2548
27	10886
29	145
31	11422
31	226
32	1
32	2828
32	11423
32	8973
33	1
33	3557
33	701
33	2497
34	11537
34	1
34	3932
37	3520
37	3739
38	11537
38	5646
38	1225
38	145
38	293
38	1224
41	297
43	293
43	1785
45	293
46	1
46	145
46	701
47	11422
48	7170
48	48
48	1
48	13708
48	5058
49	701
50	3450
50	293
52	3561
52	11422
55	10466
68	293
70	1
70	145
71	1
71	7018
71	701
72	5551
73	101
73	2914
74	6453
74	3766
77	2548
77	5723
80	701
81	11537
81	701
81	10490
81	81
81	1239
81	6250
83	7170
84	7170
84	3739
86	1
87	10680
87	7018
88	2914
88	1740
88	145
89	7170
89	89
89	721
89	1
101	73
101	11537
101	1740
101	145
101	701
101	1239
101	11808
101	8071
101	10430
101	11827
101	7774
103	5646
103	2828
103	145
103	2914
103	293
104	209
104	145
104	2648
111	701
111	145
114	8
114	2914
114	293
114	3561
114	302
114	7276
114	5707
114	7362
125	7018
127	11422
127	226
127	127
127	297
131	11422
131	1852
132	7170
137	8933
137	9010
137	137
137	3426
137	5444
137	5441
140	1
140	701
144	7018
144	144
144	1
145	7170
145	1742
145	293
145	3
145	11537
145	11423
145	9
145	46
145	10886
145	11422
145	7081
145	10490
145	29
145	2603
145	4557
145	14
145	1201
145	18
145	26
145	10466
145	101
145	6509
145	217
145	297
145	3128
145	210
145	88
145	5739
145	194
145	3999
145	1249
145	6192
145	12
145	3388
145	160
145	104
145	378
145	513
145	225
145	11078
145	20
145	11039
145	1312
145	38
145	1206
145	5050
145	1706
145	111
145	3685
145	2572
145	5723
145	11872
145	3527
145	6200
145	2552
145	3676
145	693
145	7050
145	5511
145	103
145	10755
145	2698
145	70
145	10764
145	13326
145	683
145	3152
145	11745
145	7377
145	195
145	4130
145	7610
145	7539
145	1224
145	6453
145	5640
149	7170
151	4657
151	151
151	4637
151	4058
151	2915
151	4628
159	3112
159	600
160	11537
160	5646
160	145
160	293
167	3561
174	2493
174	2828
174	5378
174	2914
174	293
174	701
174	3561
174	1755
174	7018
174	1239
174	1
174	1290
174	8218
174	11997
174	12128
174	12238
174	13837
174	13883
174	286
174	1673
174	6654
174	6122
174	10441
174	10722
174	2554
174	2521
174	721
174	3976
174	8013
175	7170
189	1
194	209
194	145
195	1227
195	1740
195	145
195	293
195	2641
196	1740
196	7018
199	1
200	10838
200	1
200	200
200	701
200	6360
209	10721
209	286
209	2828
209	293
209	701
209	3561
209	1239
209	1740
209	1
209	7843
209	3951
209	2914
209	12015
209	13624
209	13547
209	14075
209	13593
209	14051
209	13967
209	14047
209	2685
209	12233
209	13932
209	14107
209	10726
209	8049
209	210
209	194
209	104
209	600
209	6350
209	6453
209	3450
209	1706
209	13661
209	6922
209	2901
209	237
209	11317
209	11990
209	297
209	10326
209	6995
209	11003
209	12207
209	11106
209	1842
210	209
210	145
210	6510
213	13
217	5006
217	145
217	293
220	6137
224	2603
225	11537
225	7066
225	145
226	226
226	1
226	2828
226	5676
226	1740
226	293
226	127
226	31
226	4554
227	724
229	237
234	2914
237	11537
237	2828
237	2914
237	5696
237	237
237	3561
237	229
237	209
237	293
239	549
255	721
267	1225
268	6350
270	297
271	577
271	6509
271	271
271	7189
278	6503
286	701
286	3333
286	1
286	7170
286	4200
286	2548
286	3561
286	5696
286	1740
286	2914
286	6172
286	2685
286	1673
286	209
286	702
286	5459
286	1755
286	3847
286	568
286	2516
286	1290
286	517
286	2828
286	293
286	2497
286	1901
286	1836
286	1136
286	3304
286	9057
286	3302
286	2551
286	174
286	3356
286	3491
286	297
286	4544
286	3549
286	1899
286	1889
286	790
286	2041
286	668
286	4553
286	1891
286	3407
288	1103
288	297
291	293
292	293
293	701
293	1
293	7018
293	2685
293	145
293	6461
293	1239
293	1740
293	2548
293	1800
293	3561
293	2914
293	3
293	6172
293	7922
293	1673
293	209
293	6453
293	3356
293	4565
293	6660
293	568
293	11537
293	11423
293	174
293	11422
293	286
293	3549
293	3967
293	4000
293	3257
293	5409
293	3320
293	2917
293	6427
293	4200
293	6402
293	4323
293	2828
293	3491
293	16
293	2497
293	1275
293	3847
293	45
293	7170
293	2603
293	114
293	292
293	291
293	7066
293	3354
293	226
293	6509
293	217
293	297
293	3786
293	160
293	378
293	600
293	5006
293	11039
293	68
293	50
293	38
293	3506
293	5650
293	6200
293	5719
293	6406
293	693
293	103
293	1829
293	237
293	5696
293	1842
293	3428
293	5646
293	10764
293	2505
293	3426
293	3563
293	43
293	683
293	3152
293	377
293	3951
293	195
293	3429
293	10702
293	2551
293	3671
293	4544
293	513
293	6716
293	6261
293	4969
293	6259
293	6113
293	7539
293	14101
293	6079
293	3407
295	6350
297	668
297	2497
297	41
297	286
297	2828
297	145
297	2914
297	293
297	701
297	3561
297	7018
297	1800
297	1
297	1239
297	1673
297	127
297	1843
297	270
297	1842
297	209
297	288
297	1263
298	7170
299	11422
299	1852
302	4557
302	114
374	7170
376	3493
376	6509
377	1334
377	377
377	293
378	8933
378	2828
378	145
378	5646
378	293
378	9010
385	400
394	721
400	385
400	721
424	721
428	2966
440	721
497	721
513	8933
513	3561
513	145
513	11537
513	559
513	789
513	293
517	5378
517	286
517	12337
517	8384
523	7170
549	239
549	701
549	6509
549	577
549	12093
549	802
549	808
553	1275
553	1270
555	7170
555	3561
557	701
559	8933
559	513
565	1741
568	721
568	1800
568	1239
568	286
568	2914
568	293
568	3561
568	7018
568	7170
568	1913
568	724
577	6453
577	1239
577	3561
577	854
577	549
577	271
577	701
577	803
577	684
577	11085
577	855
577	2652
577	800
592	7170
600	159
600	600
600	2828
600	209
600	701
600	3561
600	1
600	1239
600	293
600	3112
611	855
611	856
613	6347
613	613
613	1239
619	724
625	1
646	3739
646	646
646	701
668	7170
668	1800
668	297
668	13
668	2914
668	3561
668	1
668	1239
668	286
668	1673
668	7018
668	5872
679	1853
679	2686
681	4648
683	293
683	2828
683	145
683	2914
684	577
684	3602
690	701
693	5646
693	145
693	293
700	1740
701	80
701	286
701	2828
701	1225
701	293
701	702
701	3561
701	1755
701	7018
701	2914
701	2497
701	1239
701	1
701	6453
701	1740
701	7260
701	4200
701	6461
701	6301
701	8047
701	1673
701	13625
701	10851
701	11959
701	8143
701	12045
701	8074
701	4592
701	13375
701	6198
701	11810
701	11729
701	11902
701	6347
701	6507
701	11971
701	13471
701	13443
701	5650
701	11400
701	6410
701	13321
701	12156
701	5006
701	10625
701	10453
701	13707
701	10603
701	3585
701	12069
701	12261
701	7046
701	12223
701	8079
701	2685
701	71
701	33
701	10911
701	12179
701	3360
701	705
701	6172
701	12271
701	7016
701	10838
701	3703
701	7843
701	209
701	815
701	814
701	3493
701	852
701	6660
701	816
701	200
701	7015
701	6555
701	701
701	11690
701	12097
701	8062
701	6388
701	13368
701	7029
701	6128
701	5727
701	6983
701	11354
701	11213
701	11232
701	2548
701	13659
701	1800
701	4926
701	13432
701	6467
701	174
701	11981
701	13883
701	7332
701	5774
701	2647
701	8960
701	6993
701	1680
701	5594
701	2856
701	3300
701	1833
701	8918
701	10910
701	6762
701	8210
701	3257
701	5089
701	703
701	11737
701	13954
701	12199
701	12010
701	12041
701	11255
701	11574
701	11826
701	11595
701	11795
701	11910
701	14150
701	10434
701	8136
701	13516
701	12054
701	11377
701	13894
701	11764
701	13576
701	11664
701	14082
701	11813
701	11996
701	11997
701	10553
701	12117
701	11132
701	13378
701	11486
701	13851
701	11891
701	13942
701	10769
701	11163
701	8000
701	10673
701	13454
701	7799
701	12128
701	13360
701	6433
701	14010
701	12194
701	10788
701	10484
701	11854
701	12127
701	11601
701	12237
701	12274
701	8119
701	11211
701	12197
701	11349
701	12246
701	7261
701	11573
701	11584
701	13638
701	13339
701	12287
701	11839
701	14315
701	13624
701	3549
701	11548
701	13399
701	13335
701	13379
701	3126
701	12238
701	7131
701	12151
701	13312
701	11214
701	13570
701	13380
701	10466
701	14036
701	2140
701	13793
701	13419
701	12196
701	4960
701	14265
701	10866
701	10530
701	9269
701	8012
701	12062
701	11233
701	13534
701	13568
701	11908
701	13830
701	14075
701	13532
701	13599
701	6544
701	13762
701	13626
701	10884
701	11035
701	13614
701	6402
701	5646
701	14330
701	13457
701	13593
701	4323
701	13586
701	13445
701	13740
701	10461
701	13703
701	7042
701	10571
701	10431
701	13812
701	11319
701	13952
701	14037
701	14219
701	14067
701	14506
701	13765
701	12184
701	13837
701	11473
701	13896
701	11849
701	10334
701	13887
701	14114
701	11588
701	14051
701	13976
701	8182
701	14034
701	13931
701	10477
701	14063
701	11952
701	13967
701	13554
701	14039
701	13927
701	4286
701	14047
701	14133
701	14299
701	14279
701	14329
701	14127
701	3495
701	11527
701	13393
701	14143
701	14205
701	14154
701	12144
701	14124
701	13916
701	13983
701	14290
701	4544
701	10913
701	6938
701	3356
701	3491
701	5737
701	6225
701	6223
701	6226
701	10424
701	10826
701	10828
701	6224
701	10832
701	10827
701	10825
701	6227
701	10833
701	10383
701	11225
701	3967
701	3742
701	3384
701	10514
701	5056
701	5050
701	46
701	9010
701	17
701	3739
701	101
701	549
701	297
701	81
701	1744
701	600
701	10437
701	3557
701	7474
701	6912
701	577
701	3479
701	3701
701	111
701	1785
701	1760
701	6381
701	7281
701	49
701	11030
701	7515
701	2150
701	6385
701	3850
701	11964
701	1832
701	2901
701	1982
701	6071
701	4648
701	7435
701	8175
701	8061
701	7893
701	13784
701	3680
701	4911
701	13326
701	7362
701	7792
701	11784
701	557
701	2711
701	3563
701	646
701	3602
701	6597
701	7360
701	11094
701	7430
701	140
701	8070
701	715
701	2853
701	4231
701	6091
701	4565
701	2648
701	6380
701	10754
701	6503
701	4722
701	4694
701	2516
701	4637
701	2551
701	14298
701	10680
701	2712
701	11355
701	10487
701	11992
701	6082
701	6437
701	5693
701	8158
701	6431
701	5106
701	6913
701	11418
701	5977
701	10506
701	10564
701	6261
701	2899
701	7355
701	10831
701	12228
701	1280
701	2379
701	3803
701	6197
701	5486
701	11829
701	2917
701	6629
701	10368
701	11010
701	690
701	3403
701	1830
701	12025
701	3407
701	13588
702	701
702	1849
702	286
702	1270
702	1755
702	8404
702	3333
702	3259
702	3300
702	9027
702	705
702	12479
702	5430
702	6747
702	6696
702	1890
702	2822
702	9055
702	2917
702	5400
702	4000
702	5089
702	2603
702	6730
702	1653
702	1103
702	1257
702	3228
702	1267
702	1759
702	5556
702	3917
702	9035
702	3336
702	5377
703	701
703	2497
703	4716
705	701
705	702
705	1890
714	10911
714	12179
715	1239
715	2828
715	701
715	3561
715	3557
715	6461
715	13442
715	11123
715	11076
719	3336
721	1455
721	568
721	1503
721	721
721	400
721	255
721	424
721	497
721	89
721	440
721	1451
721	1597
721	745
721	3561
721	174
721	1460
721	1464
721	394
721	999
721	1462
721	1527
721	1452
724	619
724	568
724	227
745	1461
745	721
760	1853
762	3356
763	1
766	8933
766	766
766	6813
776	2200
777	1309
786	8933
786	5459
786	6453
786	1849
786	7
789	513
789	2200
790	286
800	577
802	549
803	577
803	1239
803	6509
808	549
814	815
814	701
814	6327
814	9269
815	6327
815	701
815	814
815	11079
815	816
816	6327
816	3493
816	3602
816	701
816	7992
816	12021
816	7398
816	6401
816	11085
816	6407
816	815
852	6327
852	1691
852	1239
852	701
852	10482
852	3359
852	6509
854	11260
854	577
854	8111
855	611
855	577
856	611
856	6509
999	721
1103	6453
1103	3333
1103	11537
1103	8933
1103	5594
1103	1136
1103	702
1103	288
1113	1853
1117	1853
1136	8209
1136	3300
1136	1103
1136	286
1201	11537
1201	7066
1201	145
1205	1853
1206	5050
1206	145
1213	8933
1213	9010
1220	3549
1221	5727
1221	2828
1221	2914
1221	3561
1221	2764
1221	6453
1221	4740
1221	4763
1221	1221
1221	9650
1221	9313
1221	4742
1221	7475
1224	145
1224	38
1224	1225
1225	701
1225	267
1225	2914
1225	1325
1225	13997
1225	6164
1225	38
1225	1224
1226	3561
1227	195
1236	1
1237	3786
1239	701
1239	1
1239	1800
1239	7018
1239	568
1239	2497
1239	2685
1239	1740
1239	5006
1239	6461
1239	3561
1239	6453
1239	2828
1239	1673
1239	293
1239	6347
1239	11354
1239	11359
1239	4550
1239	8074
1239	11508
1239	13578
1239	6580
1239	13815
1239	11107
1239	5650
1239	6443
1239	11400
1239	12156
1239	13488
1239	13707
1239	11101
1239	6082
1239	2914
1239	7743
1239	13572
1239	8079
1239	10911
1239	12179
1239	3491
1239	6172
1239	1785
1239	10994
1239	4323
1239	8052
1239	10643
1239	3356
1239	7843
1239	209
1239	3602
1239	1239
1239	852
1239	11492
1239	1755
1239	11690
1239	12097
1239	6128
1239	5769
1239	577
1239	3847
1239	2548
1239	10771
1239	14155
1239	4231
1239	6467
1239	10609
1239	7997
1239	5696
1239	174
1239	5646
1239	2856
1239	4005
1239	7823
1239	4565
1239	6993
1239	4134
1239	5594
1239	1833
1239	3967
1239	5511
1239	2529
1239	4000
1239	6762
1239	11331
1239	8210
1239	3549
1239	3320
1239	6755
1239	13516
1239	13894
1239	11403
1239	11853
1239	13329
1239	13454
1239	11854
1239	11530
1239	8119
1239	13638
1239	13624
1239	13399
1239	13379
1239	14036
1239	13419
1239	10910
1239	6367
1239	13568
1239	10912
1239	13586
1239	13445
1239	10461
1239	3850
1239	10334
1239	13887
1239	10913
1239	2379
1239	14329
1239	11527
1239	14124
1239	13404
1239	5676
1239	5674
1239	5678
1239	5677
1239	5675
1239	4200
1239	5737
1239	6225
1239	6223
1239	6226
1239	10826
1239	10828
1239	11104
1239	6224
1239	10832
1239	10827
1239	4540
1239	10825
1239	10833
1239	11225
1239	3951
1239	3742
1239	10514
1239	10726
1239	5050
1239	2711
1239	7170
1239	668
1239	3463
1239	7066
1239	6922
1239	4637
1239	101
1239	297
1239	81
1239	3912
1239	4766
1239	600
1239	3450
1239	3447
1239	7189
1239	2572
1239	1760
1239	803
1239	2150
1239	7212
1239	4191
1239	4544
1239	11317
1239	3404
1239	4648
1239	2966
1239	4694
1239	3563
1239	8043
1239	7132
1239	10770
1239	613
1239	6597
1239	1767
1239	8070
1239	2516
1239	715
1239	3292
1239	3851
1239	1790
1239	5661
1239	11424
1239	4373
1239	2899
1239	8151
1239	4722
1239	2551
1239	14298
1239	10487
1239	5786
1239	3764
1239	3714
1239	6325
1239	11003
1239	1757
1239	6494
1239	2918
1239	6222
1239	10899
1239	3462
1239	11010
1239	3828
1239	3749
1241	8522
1241	1241
1241	3561
1241	5486
1248	5556
1249	3561
1249	145
1257	5492
1257	1755
1257	1800
1257	702
1257	2863
1257	2603
1257	2120
1260	7170
1263	5058
1263	297
1267	702
1270	6805
1270	702
1270	553
1270	6900
1273	6805
1273	1755
1273	1800
1273	3300
1273	12337
1273	3333
1273	5413
1273	1849
1273	5409
1273	5459
1273	8793
1273	2861
1275	8933
1275	1275
1275	9010
1275	293
1275	3561
1275	553
1275	8365
1275	1754
1275	5520
1280	3951
1280	701
1290	8355
1290	5459
1290	286
1290	5413
1290	1849
1290	174
1290	1889
1299	3301
1299	1755
1299	5413
1299	1833
1299	1849
1299	5459
1299	8342
1299	2603
1299	6793
1299	3307
1299	5401
1300	2200
1303	1309
1304	2200
1305	2200
1305	1713
1309	1717
1309	1303
1309	777
1309	2062
1309	1708
1312	11537
1312	7066
1312	145
1322	1335
1322	1673
1323	1757
1323	1673
1325	1673
1325	1225
1325	10884
1325	1757
1327	1673
1330	1657
1330	1673
1334	3912
1334	1673
1334	3388
1334	377
1335	11563
1335	1322
1342	5515
1351	7018
1351	7843
1451	721
1452	721
1453	7170
1455	7170
1455	721
1456	7170
1460	721
1461	745
1462	721
1464	721
1485	7170
1503	7170
1503	721
1527	721
1556	1913
1562	1913
1564	1913
1569	1913
1580	1913
1589	1913
1590	1913
1597	721
1653	2841
1653	2603
1653	702
1653	2846
1653	2843
1653	2834
1653	12384
1653	2833
1653	5378
1653	2831
1653	2842
1653	2836
1653	5601
1653	2839
1653	9088
1653	2837
1655	7170
1657	3714
1657	1657
1657	1330
1659	7018
1667	6805
1667	1673
1673	1
1673	1325
1673	3561
1673	4200
1673	6461
1673	2548
1673	701
1673	1239
1673	1740
1673	3951
1673	1322
1673	286
1673	293
1673	2914
1673	1327
1673	6172
1673	1667
1673	2685
1673	3356
1673	3967
1673	297
1673	1334
1673	174
1673	1800
1673	1330
1673	668
1673	1323
1680	6453
1680	701
1691	852
1691	7189
1691	1
1706	11537
1706	209
1706	145
1708	1309
1713	1305
1717	1309
1717	2200
1719	2200
1720	2200
1729	3301
1739	1741
1740	7018
1740	701
1740	1239
1740	13540
1740	286
1740	2828
1740	1673
1740	293
1740	2497
1740	1
1740	11560
1740	196
1740	13436
1740	6172
1740	5727
1740	10311
1740	11955
1740	2914
1740	209
1740	2685
1740	7377
1740	1800
1740	5413
1740	11795
1740	10484
1740	11627
1740	8119
1740	10334
1740	5050
1740	10455
1740	101
1740	226
1740	88
1740	11078
1740	11030
1740	1832
1740	700
1740	3680
1740	11094
1740	195
1740	4694
1740	2568
1740	10506
1740	2715
1740	2855
1740	9264
1741	3343
1741	2603
1741	565
1741	1739
1742	1742
1742	13315
1742	145
1742	7018
1744	701
1754	1275
1755	701
1755	1800
1755	2686
1755	6461
1755	2914
1755	286
1755	6830
1755	1239
1755	3300
1755	174
1755	5400
1755	1273
1755	8938
1755	2603
1755	702
1755	5388
1755	6774
1755	1299
1755	3333
1755	8437
1755	5430
1755	2529
1755	8210
1755	5413
1755	5424
1755	9057
1755	5588
1755	5578
1755	2607
1755	8472
1755	5607
1755	6730
1755	1853
1755	1257
1755	3228
1755	1755
1755	6905
1755	1759
1755	5669
1755	5551
1755	1889
1755	5539
1755	3336
1755	5377
1757	1239
1757	7018
1757	1325
1757	1323
1759	5515
1759	5378
1759	1759
1759	702
1759	2603
1759	1755
1759	5413
1760	4983
1760	701
1760	1239
1760	4544
1761	6922
1763	7018
1767	6402
1767	1767
1767	1239
1767	3561
1776	1853
1776	1901
1784	1784
1784	3549
1784	6082
1785	11351
1785	1239
1785	7931
1785	14
1785	26
1785	701
1785	4017
1785	5719
1785	43
1790	1239
1800	1
1800	1755
1800	1239
1800	568
1800	2548
1800	293
1800	3561
1800	701
1800	5696
1800	1740
1800	1273
1800	5511
1800	2497
1800	668
1800	297
1800	1257
1800	1673
1800	2551
1829	2901
1829	293
1830	1
1830	701
1832	11537
1832	1740
1832	701
1833	1299
1833	2914
1833	1833
1833	701
1833	3561
1833	7018
1833	1239
1833	1
1833	4200
1833	14011
1833	3303
1833	3209
1835	2603
1836	8404
1836	286
1836	2612
1840	3632
1841	9126
1842	297
1842	293
1842	209
1843	297
1849	702
1849	2686
1849	5388
1849	5378
1849	1290
1849	2856
1849	1299
1849	2529
1849	5551
1849	5413
1849	5459
1849	1273
1849	3257
1849	5409
1849	3320
1849	8297
1849	5089
1849	786
1849	2830
1849	5669
1849	6725
1849	2571
1849	3328
1850	2603
1850	6453
1852	131
1852	3967
1852	6192
1852	299
1852	5653
1852	25
1852	6106
1853	679
1853	8933
1853	1113
1853	1755
1853	760
1853	1776
1853	1205
1853	6720
1853	1117
1872	2828
1872	7018
1889	3300
1889	286
1889	1290
1889	2917
1889	1755
1890	705
1890	3333
1890	5413
1890	702
1890	3917
1891	286
1899	5378
1899	286
1901	8387
1901	286
1901	5424
1901	1776
1913	1590
1913	568
1913	1589
1913	1564
1913	1556
1913	1562
1913	1580
1913	1569
1930	8933
1930	9010
1938	2200
1939	2200
1942	2200
1942	2063
1968	7018
1970	6922
1982	701
1982	5696
1998	5006
2015	6259
2018	11569
2033	4969
2041	10754
2041	286
2041	2828
2048	7893
2055	13504
2055	7893
2060	2200
2062	1309
2063	1942
2119	8210
2120	1257
2140	701
2150	5673
2150	2150
2150	1239
2150	701
2150	11422
2200	1717
2200	8933
2200	5511
2200	1938
2200	1942
2200	1719
2200	2259
2200	1305
2200	1304
2200	1300
2200	2418
2200	789
2200	1720
2200	2060
2200	776
2200	1939
2259	2200
2379	13927
2379	1239
2379	701
2381	3128
2381	5646
2381	7050
2381	3136
2386	7018
2418	2200
2493	11290
2493	174
2495	2701
2495	11317
2495	2496
2496	11317
2496	2495
2497	701
2497	1
2497	1239
2497	2914
2497	6461
2497	2548
2497	3561
2497	5696
2497	1740
2497	3951
2497	2915
2497	33
2497	3356
2497	3847
2497	4565
2497	2554
2497	286
2497	4774
2497	3549
2497	3967
2497	4000
2497	3257
2497	3320
2497	1800
2497	703
2497	2828
2497	293
2497	297
2497	3932
2497	4713
2497	2500
2497	2907
2497	3563
2497	2497
2497	7501
2497	2513
2497	2498
2497	4716
2497	4725
2497	7531
2497	7518
2497	2521
2497	2516
2497	2514
2497	2526
2497	2527
2497	4732
2497	2519
2497	4682
2497	2518
2497	4673
2497	2510
2497	5669
2497	2551
2497	4704
2498	2907
2498	2497
2500	2907
2500	2497
2500	2501
2500	7660
2500	9367
2500	2516
2500	4730
2500	2506
2500	4459
2501	2907
2501	2500
2503	2907
2504	2907
2504	2504
2504	7501
2504	4730
2505	2907
2505	293
2506	2907
2506	2500
2506	2523
2508	2907
2510	7515
2510	4694
2510	12274
2510	2497
2513	2516
2513	7660
2513	2497
2513	4729
2513	3488
2513	2513
2513	9355
2514	9362
2514	4694
2514	2516
2514	7515
2514	2497
2516	2521
2516	286
2516	2828
2516	6453
2516	2915
2516	3561
2516	7501
2516	2500
2516	2914
2516	1239
2516	2513
2516	7679
2516	4459
2516	4716
2516	4725
2516	7518
2516	2514
2516	2516
2516	4703
2516	701
2516	2497
2516	2527
2516	4732
2516	2519
2516	4673
2516	4702
2516	4704
2516	4761
2518	4689
2518	2518
2518	4694
2518	7515
2518	2497
2519	2516
2519	2497
2520	2907
2521	2554
2521	2516
2521	9362
2521	174
2521	2521
2521	2497
2521	4702
2523	2506
2526	2497
2527	4774
2527	2527
2527	2516
2527	2497
2529	5417
2529	3967
2529	1849
2529	5459
2529	6461
2529	1755
2529	1239
2534	3549
2548	11397
2548	286
2548	1673
2548	3561
2548	1800
2548	2497
2548	1
2548	11235
2548	293
2548	13758
2548	2828
2548	8079
2548	10994
2548	10796
2548	2914
2548	4323
2548	12097
2548	6128
2548	7018
2548	11461
2548	701
2548	1239
2548	7908
2548	12041
2548	12054
2548	12048
2548	11132
2548	11163
2548	11211
2548	13335
2548	13380
2548	12019
2548	14219
2548	13896
2548	14034
2548	5737
2548	6223
2548	10424
2548	10826
2548	10828
2548	11104
2548	6224
2548	10825
2548	11226
2548	10827
2548	10383
2548	27
2548	77
2548	7291
2548	6453
2548	13998
2548	11261
2548	4911
2548	6059
2548	4010
2548	7132
2548	11363
2548	11569
2548	10831
2551	13378
2551	286
2551	2828
2551	2914
2551	293
2551	701
2551	3561
2551	7018
2551	1800
2551	2497
2551	1239
2551	1
2552	145
2553	6912
2553	3447
2553	11095
2553	3506
2554	2521
2554	2497
2554	174
2568	3967
2568	2914
2568	1740
2571	1849
2572	1239
2572	7018
2572	145
2572	3390
2603	1755
2603	8933
2603	1299
2603	1741
2603	8210
2603	224
2603	6453
2603	145
2603	293
2603	702
2603	1653
2603	1257
2603	5378
2603	1850
2603	1835
2603	1759
2607	9187
2607	1755
2611	8933
2611	5413
2611	2611
2611	9010
2611	8918
2612	1836
2614	2614
2614	5377
2614	11042
2637	1
2637	10490
2641	195
2647	701
2648	701
2648	5743
2648	104
2652	6463
2652	2652
2652	577
2685	2686
2685	2828
2685	2914
2685	293
2685	3561
2685	1
2685	7018
2685	1239
2685	5673
2685	286
2685	701
2685	1740
2685	5676
2685	1673
2685	5681
2685	5679
2685	5674
2685	5678
2685	5677
2685	6453
2685	5680
2685	7288
2685	5675
2685	209
2685	2687
2686	3333
2686	2685
2686	1849
2686	5409
2686	5459
2686	1755
2686	679
2687	2685
2698	6122
2698	145
2701	11317
2701	2495
2706	4637
2707	3561
2711	8175
2711	2711
2711	1239
2711	701
2712	701
2715	1740
2764	7543
2764	1221
2764	7474
2767	11522
2767	7018
2767	12021
2767	11260
2767	8160
2767	7992
2822	702
2828	701
2828	1
2828	7018
2828	2685
2828	6461
2828	1239
2828	4908
2828	1740
2828	4200
2828	5006
2828	6082
2828	2914
2828	2548
2828	5671
2828	3557
2828	6172
2828	7922
2828	5650
2828	3356
2828	209
2828	6453
2828	3300
2828	1221
2828	3847
2828	174
2828	4565
2828	6660
2828	237
2828	32
2828	2516
2828	5413
2828	5646
2828	226
2828	4550
2828	286
2828	3967
2828	5511
2828	3549
2828	5409
2828	3320
2828	2917
2828	6427
2828	3257
2828	6259
2828	2551
2828	3951
2828	5696
2828	6402
2828	7911
2828	2497
2828	293
2828	3491
2828	8175
2828	7170
2828	7473
2828	297
2828	3786
2828	378
2828	600
2828	3932
2828	3066
2828	6200
2828	4694
2828	5727
2828	103
2828	4544
2828	3561
2828	4768
2828	3563
2828	683
2828	715
2828	2041
2828	4637
2828	5669
2828	6467
2828	5693
2828	6716
2828	3840
2828	6261
2828	6079
2828	1872
2828	3407
2830	1849
2831	1653
2833	1653
2834	1653
2836	1653
2837	1653
2839	1653
2841	1653
2842	1653
2843	1653
2846	1653
2853	5515
2853	701
2855	5400
2855	1740
2856	5378
2856	1239
2856	3561
2856	1849
2856	5459
2856	5400
2856	5413
2856	2856
2856	701
2856	9057
2856	1
2856	8743
2856	6870
2856	8435
2861	1273
2863	1257
2863	5459
2863	5413
2871	5378
2871	7176
2874	5378
2874	4000
2899	1239
2899	2899
2899	3561
2899	10702
2899	701
2900	11537
2900	5696
2901	701
2901	209
2901	1829
2902	11537
2905	2905
2905	6453
2905	2914
2907	2503
2907	8933
2907	6453
2907	2500
2907	2504
2907	2501
2907	2505
2907	2497
2907	4730
2907	2508
2907	2498
2907	2506
2907	2520
2914	701
2914	1
2914	1225
2914	234
2914	7170
2914	2685
2914	7018
2914	2497
2914	7806
2914	286
2914	3561
2914	1755
2914	11874
2914	2828
2914	293
2914	1239
2914	3557
2914	12179
2914	4969
2914	6172
2914	7922
2914	2548
2914	1740
2914	1673
2914	209
2914	6453
2914	7853
2914	6259
2914	4200
2914	1221
2914	3914
2914	3356
2914	6467
2914	568
2914	237
2914	174
2914	4565
2914	6461
2914	3254
2914	1833
2914	3967
2914	3549
2914	6320
2914	5511
2914	4000
2914	5413
2914	3257
2914	5409
2914	3320
2914	2917
2914	6427
2914	5089
2914	11737
2914	11826
2914	11903
2914	12127
2914	11233
2914	13626
2914	7911
2914	3491
2914	13553
2914	10514
2914	114
2914	668
2914	7473
2914	73
2914	297
2914	88
2914	3932
2914	5650
2914	3701
2914	3582
2914	3066
2914	3677
2914	11834
2914	7515
2914	11964
2914	11808
2914	103
2914	6481
2914	5696
2914	3786
2914	3563
2914	683
2914	6402
2914	8070
2914	2516
2914	11424
2914	4694
2914	11363
2914	5669
2914	2551
2914	4544
2914	10487
2914	3951
2914	6082
2914	2568
2914	6716
2914	6261
2914	2905
2914	7773
2914	7774
2914	13636
2914	13462
2914	6993
2914	6079
2914	3407
2915	2497
2915	151
2915	5727
2915	2915
2915	2516
2917	5511
2917	2828
2917	2914
2917	293
2917	702
2917	5459
2917	8908
2917	12645
2917	8874
2917	5436
2917	1889
2917	6660
2917	2917
2917	701
2918	7018
2918	2918
2918	1239
2966	1239
2966	428
3066	6461
3066	2828
3066	2914
3112	159
3112	11537
3112	600
3112	11050
3126	701
3126	3126
3126	1
3128	2381
3128	145
3136	2381
3152	293
3152	145
3209	6900
3209	1833
3209	8297
3209	1
3215	8874
3215	5511
3215	4000
3228	702
3228	1755
3254	8192
3254	2914
3254	8342
3257	3333
3257	701
3257	293
3257	1849
3257	3257
3257	3561
3257	5459
3257	7018
3257	2914
3257	2497
3257	5392
3257	2828
3257	1
3259	8999
3259	702
3259	8964
3259	12645
3259	3917
3267	8623
3267	3343
3269	6664
3292	6730
3292	8650
3292	3333
3292	5413
3292	3292
3292	3561
3292	1
3292	5556
3292	5459
3292	1239
3292	6834
3300	1136
3300	2828
3300	3300
3300	7018
3300	5378
3300	1755
3300	8938
3300	3305
3300	6774
3300	3333
3300	701
3300	702
3300	8196
3300	5620
3300	1273
3300	5427
3300	6762
3300	3304
3300	6705
3300	8743
3300	5089
3300	8933
3300	1889
3300	5539
3301	1299
3301	1729
3302	286
3303	8237
3303	8437
3303	1
3303	1833
3303	3303
3303	12511
3304	6696
3304	3300
3304	286
3305	5594
3305	3300
3305	8964
3305	8527
3307	1299
3307	5619
3313	7176
3320	3333
3320	2828
3320	2914
3320	293
3320	1849
3320	1239
3320	5459
3320	7018
3320	2497
3320	8593
3328	5378
3328	6716
3328	1849
3328	5459
3333	286
3333	6905
3333	1103
3333	2686
3333	5378
3333	8651
3333	9057
3333	8209
3333	7176
3333	702
3333	3300
3333	1755
3333	5417
3333	8210
3333	8220
3333	8608
3333	1890
3333	1273
3333	3257
3333	3320
3333	5511
3333	5400
3333	8251
3333	5583
3333	5413
3333	3292
3333	8918
3335	5568
3336	719
3336	5378
3336	3336
3336	1755
3336	702
3343	3267
3343	1741
3352	5409
3352	6813
3354	18
3354	293
3354	6922
3354	3354
3356	3703
3356	9057
3356	2828
3356	3356
3356	1239
3356	8092
3356	7018
3356	2914
3356	3561
3356	11213
3356	293
3356	2497
3356	1
3356	5594
3356	13380
3356	10461
3356	6938
3356	14355
3356	286
3356	1673
3356	701
3356	762
3356	10487
3356	4969
3359	852
3360	5641
3360	3360
3360	701
3360	1
3384	11778
3384	6660
3384	701
3388	3912
3388	145
3388	1334
3390	2572
3403	701
3403	6082
3404	3561
3404	1239
3404	1
3407	3857
3407	286
3407	2828
3407	2914
3407	293
3407	701
3407	3561
3426	137
3426	293
3428	293
3429	4729
3429	293
3447	2553
3447	1239
3450	209
3450	10490
3450	50
3450	3450
3450	1239
3450	1
3452	6983
3452	10490
3462	7535
3462	1239
3462	3462
3462	7018
3463	1239
3464	6388
3479	701
3479	10490
3488	2513
3491	5641
3491	1239
3491	286
3491	2828
3491	2914
3491	701
3491	1
3491	293
3491	3561
3491	8175
3491	6660
3491	3932
3491	6261
3491	6079
3493	816
3493	701
3493	10261
3493	11290
3493	8160
3493	376
3493	6407
3495	701
3506	2553
3506	293
3520	37
3520	7170
3527	1
3527	145
3549	8192
3549	3561
3549	8001
3549	293
3549	2497
3549	2914
3549	5430
3549	2828
3549	7018
3549	1239
3549	1
3549	6259
3549	12117
3549	701
3549	10673
3549	14095
3549	11499
3549	11674
3549	286
3549	11418
3549	11333
3549	1220
3549	1784
3549	6453
3549	2534
3557	33
3557	2828
3557	2914
3557	6453
3557	701
3557	6461
3557	715
3561	701
3561	1
3561	7018
3561	2685
3561	11277
3561	5006
3561	1673
3561	6461
3561	2548
3561	11895
3561	286
3561	1239
3561	2497
3561	11134
3561	8047
3561	4908
3561	6337
3561	4129
3561	8143
3561	8074
3561	2914
3561	6347
3561	6507
3561	10726
3561	5683
3561	11589
3561	11857
3561	11906
3561	11101
3561	3561
3561	13992
3561	293
3561	13888
3561	6307
3561	13346
3561	12022
3561	10911
3561	12179
3561	6172
3561	11351
3561	1800
3561	11707
3561	7757
3561	11426
3561	13343
3561	10311
3561	10994
3561	10796
3561	11427
3561	11955
3561	12270
3561	3703
3561	209
3561	11060
3561	7853
3561	11492
3561	12015
3561	7015
3561	6259
3561	13359
3561	1221
3561	577
3561	3356
3561	14155
3561	6813
3561	4565
3561	6467
3561	568
3561	237
3561	5696
3561	174
3561	2856
3561	6993
3561	5400
3561	3549
3561	1833
3561	3967
3561	8210
3561	3257
3561	6755
3561	11853
3561	13329
3561	11163
3561	11601
3561	12287
3561	13624
3561	13419
3561	14265
3561	10910
3561	10912
3561	13762
3561	11810
3561	4200
3561	3491
3561	3914
3561	3951
3561	11778
3561	10514
3561	5056
3561	14215
3561	1275
3561	11423
3561	11422
3561	668
3561	4637
3561	2516
3561	52
3561	297
3561	3599
3561	1249
3561	513
3561	600
3561	3932
3561	3701
3561	114
3561	5078
3561	4544
3561	167
3561	6081
3561	3404
3561	2707
3561	2828
3561	3563
3561	8043
3561	10326
3561	8070
3561	715
3561	7037
3561	3292
3561	5556
3561	4373
3561	2899
3561	6503
3561	4722
3561	4694
3561	12274
3561	721
3561	2551
3561	11252
3561	1226
3561	4293
3561	11418
3561	555
3561	5743
3561	6250
3561	11003
3561	3662
3561	11712
3561	1241
3561	1767
3561	6079
3561	7526
3561	3407
3561	4761
3561	3828
3563	3561
3563	2828
3563	701
3563	293
3563	1239
3563	2497
3563	2914
3582	4600
3582	3701
3582	2914
3585	701
3585	7018
3599	3561
3599	7018
3599	7260
3602	6327
3602	1239
3602	816
3602	5690
3602	6463
3602	5769
3602	12021
3602	7398
3602	684
3602	701
3608	7623
3608	3976
3632	1840
3632	6503
3661	3662
3662	3661
3662	3561
3662	4637
3669	5646
3671	293
3676	6122
3676	145
3676	3676
3676	3677
3677	3676
3677	2914
3680	701
3680	7018
3680	1740
3681	11537
3681	6198
3685	11537
3685	145
3701	4201
3701	701
3701	3561
3701	2914
3701	3582
3701	6366
3703	3356
3703	701
3703	3561
3714	1657
3714	1239
3737	7018
3737	4231
3737	6347
3739	37
3739	701
3739	84
3739	646
3739	5324
3741	7018
3742	1239
3742	701
3748	4766
3748	3786
3749	3749
3749	1
3749	1239
3758	7472
3758	7473
3764	1239
3766	74
3766	6463
3784	4766
3784	3784
3784	3786
3786	9525
3786	2828
3786	293
3786	6461
3786	9634
3786	6453
3786	3748
3786	2914
3786	1237
3786	3784
3794	4557
3794	6922
3803	701
3803	6079
3828	3561
3828	1239
3840	4433
3840	2828
3840	4740
3847	6259
3847	1
3847	286
3847	2828
3847	1239
3847	2497
3847	293
3850	13765
3850	1239
3850	701
3851	1239
3857	4323
3857	3857
3857	7018
3857	3407
3912	1239
3912	3912
3912	1334
3912	3388
3914	11101
3914	2914
3914	3914
3914	3561
3917	1890
3917	702
3917	3259
3932	34
3932	2828
3932	2914
3932	3932
3932	3491
3932	3561
3932	7018
3932	2497
3932	1
3951	6350
3951	1673
3951	2497
3951	209
3951	13312
3951	2828
3951	3561
3951	1239
3951	10719
3951	6995
3951	293
3951	8114
3951	3951
3951	2914
3951	7018
3951	4553
3951	1280
3951	8115
3951	8016
3967	8001
3967	6905
3967	2828
3967	2914
3967	3561
3967	8709
3967	1239
3967	1
3967	2529
3967	293
3967	2497
3967	701
3967	7018
3967	1673
3967	1852
3967	4766
3967	2568
3976	3608
3976	174
3999	5050
3999	145
4000	6779
4000	2914
4000	1239
4000	293
4000	2497
4000	6852
4000	2874
4000	702
4000	5459
4000	6719
4000	8269
4000	5378
4000	5583
4000	8284
4000	6897
4000	8335
4000	5511
4000	4000
4000	4805
4000	4689
4000	3215
4005	1239
4010	2548
4010	4010
4010	1
4017	1785
4058	151
4058	6461
4129	7018
4129	4129
4129	3561
4130	5050
4130	145
4134	6993
4134	4774
4134	1239
4191	1239
4200	11383
4200	286
4200	1673
4200	701
4200	1
4200	2828
4200	4993
4200	2914
4200	1833
4200	293
4200	11764
4200	3561
4200	1239
4200	11712
4200	7018
4200	11042
4200	6371
4201	4600
4201	3701
4231	3737
4231	1239
4231	701
4286	701
4293	3561
4323	11427
4323	2548
4323	1239
4323	13690
4323	701
4323	4323
4323	293
4323	3857
4358	5696
4358	6081
4358	5646
4373	1239
4373	3561
4433	3840
4459	2500
4459	2516
4511	6198
4511	11095
4540	13737
4540	1239
4540	7037
4544	7911
4544	701
4544	1
4544	286
4544	2828
4544	1239
4544	3561
4544	1760
4544	293
4544	2914
4550	11937
4550	1
4550	4550
4550	1239
4550	2828
4553	3951
4553	286
4554	226
4557	8
4557	11537
4557	145
4557	3794
4557	302
4557	7276
4565	13432
4565	2828
4565	293
4565	3561
4565	2497
4565	7657
4565	2914
4565	1
4565	1239
4565	8918
4565	13532
4565	10461
4565	13703
4565	10441
4565	701
4565	7018
4592	701
4592	7018
4600	4201
4600	11537
4600	3582
4600	6366
4628	4657
4628	6453
4628	151
4628	4628
4628	4774
4637	151
4637	3561
4637	1239
4637	2706
4637	2828
4637	701
4637	3662
4648	9325
4648	1
4648	4648
4648	701
4648	1239
4648	681
4648	9503
4657	151
4657	4628
4657	7473
4673	7515
4673	4673
4673	2516
4673	2497
4682	4700
4682	4689
4682	4722
4682	2497
4689	4682
4689	4000
4689	2518
4694	4713
4694	4694
4694	2828
4694	7501
4694	1239
4694	701
4694	7518
4694	2514
4694	3561
4694	2914
4694	1740
4694	4732
4694	2518
4694	2510
4694	4704
4696	4703
4700	4682
4702	2521
4702	2516
4703	4696
4703	2516
4704	2516
4704	4694
4704	2497
4713	7515
4713	4713
4713	4694
4713	2497
4716	7514
4716	2497
4716	703
4716	4716
4716	2516
4716	7518
4722	4725
4722	701
4722	3561
4722	1239
4722	4682
4722	4722
4725	4722
4725	4725
4725	2516
4725	2497
4725	9362
4729	3429
4729	2513
4730	2504
4730	7660
4730	2907
4730	2500
4732	2497
4732	4694
4732	2516
4736	4805
4738	7474
4740	4740
4740	1221
4740	7474
4740	3840
4742	1221
4742	7474
4761	3561
4761	2516
4763	7714
4763	1221
4766	6453
4766	4766
4766	3967
4766	7018
4766	6461
4766	1239
4766	9525
4766	3748
4766	3784
4768	9433
4768	2828
4768	9431
4768	9432
4774	4134
4774	2497
4774	2527
4774	4628
4780	7018
4780	4780
4780	6461
4780	7535
4805	4736
4805	4000
4908	3561
4908	2828
4911	1
4911	2548
4911	701
4926	10318
4926	701
4926	4926
4926	6813
4960	701
4969	2033
4969	6461
4969	5641
4969	2914
4969	293
4969	3356
4983	1760
4983	4983
4993	4200
5006	11812
5006	3561
5006	1239
5006	1
5006	11101
5006	701
5006	2828
5006	13367
5006	217
5006	293
5006	7973
5006	7792
5006	6924
5006	1998
5006	12042
5050	9
5050	701
5050	7018
5050	1740
5050	5050
5050	1239
5050	3999
5050	11537
5050	4130
5050	1206
5050	145
5056	10726
5056	701
5056	3561
5058	7170
5058	1263
5058	48
5072	11550
5072	6402
5078	11537
5078	7294
5078	5078
5078	3561
5078	8036
5089	702
5089	3300
5089	701
5089	1849
5089	5459
5089	2914
5102	5106
5103	5106
5106	5103
5106	701
5106	5102
5324	3739
5377	2614
5377	702
5377	1755
5378	6461
5378	3333
5378	6660
5378	1849
5378	5409
5378	5459
5378	3300
5378	174
5378	2856
5378	6805
5378	517
5378	8404
5378	5432
5378	8527
5378	8612
5378	9027
5378	8196
5378	8469
5378	8271
5378	6779
5378	5427
5378	8761
5378	8319
5378	6705
5378	9026
5378	2874
5378	6719
5378	4000
5378	5551
5378	1899
5378	2603
5378	1653
5378	1759
5378	6900
5378	3328
5378	5392
5378	2871
5378	3336
5378	12701
5378	5413
5384	8959
5384	8960
5388	7176
5388	1849
5388	1755
5388	8220
5388	5459
5392	9026
5392	5392
5392	3257
5392	6664
5392	5378
5400	2856
5400	1755
5400	6730
5400	5400
5400	3561
5400	7018
5400	9057
5400	6689
5400	6669
5400	3333
5400	702
5400	8472
5400	6870
5400	2855
5401	1299
5401	5409
5401	5401
5401	8918
5408	8522
5408	8933
5408	9010
5409	2686
5409	8656
5409	7176
5409	5378
5409	6805
5409	5594
5409	8196
5409	8469
5409	6735
5409	8761
5409	8220
5409	5430
5409	1273
5409	2828
5409	2914
5409	293
5409	1849
5409	6427
5409	5459
5409	3352
5409	8903
5409	6705
5409	8610
5409	8650
5409	8793
5409	5401
5413	1290
5413	2828
5413	6805
5413	2856
5413	9027
5413	1299
5413	8608
5413	2914
5413	1740
5413	1849
5413	5459
5413	1755
5413	1
5413	1890
5413	1273
5413	8251
5413	5551
5413	2611
5413	3333
5413	2863
5413	3292
5413	1759
5413	5378
5417	2529
5417	3333
5424	1901
5424	5424
5424	1755
5424	8918
5427	5378
5427	3300
5427	8938
5430	8469
5430	702
5430	3549
5430	1755
5430	5409
5430	5459
5430	12503
5430	6453
5430	8950
5432	6774
5432	5378
5432	5459
5436	2917
5436	5436
5436	6689
5441	137
5444	137
5459	2686
5459	6461
5459	1290
5459	9057
5459	286
5459	7176
5459	5378
5459	2856
5459	6805
5459	5594
5459	5432
5459	1299
5459	8918
5459	8709
5459	5511
5459	2529
5459	6779
5459	8938
5459	786
5459	5551
5459	8220
5459	5413
5459	5430
5459	1849
5459	1273
5459	5388
5459	3257
5459	5409
5459	3320
5459	2917
5459	4000
5459	8743
5459	5089
5459	6730
5459	2863
5459	3292
5459	5669
5459	8297
5459	3328
5469	5515
5486	1241
5486	701
5492	1257
5511	12479
5511	2828
5511	1239
5511	5459
5511	2914
5511	2917
5511	3333
5511	1800
5511	3215
5511	2200
5511	4000
5511	145
5515	1759
5515	6453
5515	5515
5515	2853
5515	5469
5515	1342
5520	1275
5539	1755
5539	3300
5549	5549
5549	8938
5549	8218
5549	6751
5549	8254
5551	6747
5551	1849
5551	5683
5551	5459
5551	5378
5551	5413
5551	72
5551	1755
5556	3292
5556	702
5556	1248
5556	5556
5556	3561
5568	8336
5568	6453
5568	3335
5568	8623
5568	8730
5568	12448
5578	1755
5583	3333
5583	4000
5588	1755
5594	1103
5594	3305
5594	1239
5594	6461
5594	701
5594	5409
5594	5459
5594	8999
5594	3356
5594	9121
5601	1653
5607	6763
5607	1755
5619	3307
5620	3300
5640	11537
5640	145
5641	3360
5641	4969
5641	5641
5641	3491
5646	3669
5646	2828
5646	1
5646	5646
5646	1239
5646	6402
5646	701
5646	2381
5646	6660
5646	7018
5646	160
5646	378
5646	38
5646	7189
5646	6200
5646	693
5646	103
5646	4358
5646	293
5646	6325
5646	7660
5650	6188
5650	1239
5650	1
5650	701
5650	6410
5650	7757
5650	2828
5650	13614
5650	11588
5650	6510
5650	2914
5650	293
5650	6137
5653	11423
5653	5653
5653	1852
5656	6325
5656	6347
5661	1239
5661	11095
5666	5683
5669	1755
5669	2828
5669	2914
5669	1849
5669	5459
5669	6461
5669	2497
5671	5673
5671	2828
5671	7911
5673	6411
5673	2685
5673	6201
5673	5671
5673	5774
5673	7657
5673	13526
5673	14049
5673	2150
5673	11099
5673	7360
5673	11829
5674	2685
5674	5674
5674	1239
5675	2685
5675	5675
5675	1239
5676	226
5676	2685
5676	5676
5676	1239
5676	7012
5677	2685
5677	5677
5677	1239
5678	2685
5678	5678
5678	1239
5679	7911
5679	5679
5679	2685
5680	2685
5681	2685
5683	10588
5683	3561
5683	12116
5683	5551
5683	10660
5683	5666
5683	7474
5683	6079
5690	3602
5690	11522
5690	5690
5691	1
5693	1
5693	2828
5693	701
5696	11268
5696	286
5696	6461
5696	2497
5696	1
5696	237
5696	1800
5696	1239
5696	3561
5696	13455
5696	2828
5696	4358
5696	2914
5696	293
5696	1982
5696	7037
5696	2900
5696	2
5696	6113
5707	114
5719	1785
5719	293
5723	1
5723	145
5723	77
5727	1
5727	6905
5727	7018
5727	1740
5727	1221
5727	701
5727	7131
5727	7473
5727	2915
5727	7474
5727	2828
5730	7018
5737	701
5737	2548
5737	1
5737	1239
5737	10878
5739	11423
5739	145
5743	3561
5743	5743
5743	2648
5769	6453
5769	3602
5769	1239
5769	5769
5774	701
5774	5673
5786	5786
5786	1239
5786	11992
5872	668
5957	7170
5977	701
6059	11131
6059	2548
6071	701
6079	3803
6079	2828
6079	3561
6079	2914
6079	293
6079	5683
6079	6079
6079	3491
6081	4358
6081	3561
6082	13642
6082	2828
6082	1239
6082	701
6082	2914
6082	1784
6082	11614
6082	3403
6091	701
6106	11422
6106	1852
6112	6983
6113	5696
6113	293
6122	3676
6122	174
6122	2698
6128	2548
6128	701
6128	1239
6128	13455
6128	13554
6137	220
6137	5650
6140	6198
6164	7018
6164	1225
6172	6411
6172	286
6172	1
6172	2828
6172	2914
6172	293
6172	6172
6172	701
6172	3561
6172	1239
6172	7018
6172	1740
6172	7756
6172	6327
6172	1673
6172	13526
6188	11741
6188	6188
6188	5650
6192	11423
6192	1852
6192	145
6197	11712
6197	701
6198	6140
6198	701
6198	4511
6198	12013
6198	3681
6200	11537
6200	2828
6200	145
6200	5646
6200	293
6201	6453
6201	7018
6201	5673
6201	1
6222	11231
6222	1239
6223	2548
6223	701
6223	1239
6224	701
6224	1239
6224	6224
6224	2548
6225	701
6225	1239
6226	701
6226	1239
6227	1
6227	13553
6227	701
6250	81
6250	6250
6250	3561
6259	12097
6259	3561
6259	7018
6259	2914
6259	3847
6259	11548
6259	6660
6259	2828
6259	3549
6259	293
6259	2015
6261	3491
6261	2828
6261	701
6261	293
6261	2914
6261	1
6263	11317
6301	1
6301	7018
6301	701
6307	3561
6307	7018
6320	6320
6320	8001
6320	6461
6320	2914
6325	5646
6325	5656
6325	1239
6325	6325
6327	6172
6327	815
6327	6327
6327	3602
6327	852
6327	6453
6327	816
6327	814
6332	10436
6332	8151
6332	11136
6332	10560
6332	6332
6337	11268
6337	3561
6337	6337
6337	6347
6342	11172
6347	6337
6347	1239
6347	6411
6347	701
6347	3561
6347	6463
6347	14315
6347	11319
6347	14082
6347	13770
6347	13740
6347	613
6347	5656
6347	6347
6347	3737
6347	8158
6347	6571
6350	14005
6350	6350
6350	3951
6350	11039
6350	209
6350	11279
6350	268
6350	295
6350	1
6356	6381
6356	11095
6360	11537
6360	200
6366	4600
6366	3701
6367	11233
6367	1239
6371	6471
6371	4200
6380	701
6381	6356
6381	701
6385	701
6388	701
6388	3464
6401	6463
6401	816
6401	6453
6402	5072
6402	6660
6402	2828
6402	6402
6402	701
6402	293
6402	5646
6402	7018
6402	1767
6402	2914
6406	293
6407	816
6407	3493
6410	701
6410	7018
6410	5650
6411	6172
6411	7018
6411	6347
6411	5673
6427	5409
6427	6461
6427	2828
6427	2914
6427	293
6431	701
6431	6431
6431	7018
6433	7018
6433	701
6437	701
6443	1239
6443	7018
6453	701
6453	1103
6453	7018
6453	1239
6453	8143
6453	1
6453	9430
6453	6201
6453	6327
6453	2828
6453	2914
6453	293
6453	5769
6453	577
6453	11290
6453	8160
6453	2516
6453	1221
6453	1680
6453	6774
6453	5568
6453	6762
6453	8220
6453	5430
6453	8297
6453	12246
6453	13537
6453	2685
6453	786
6453	2603
6453	4628
6453	4766
6453	3786
6453	209
6453	3557
6453	7515
6453	2548
6453	2907
6453	6813
6453	1850
6453	8070
6453	74
6453	6463
6453	5515
6453	6401
6453	7473
6453	2905
6453	9505
6453	3549
6453	145
6461	4969
6461	5378
6461	2828
6461	1673
6461	293
6461	701
6461	3561
6461	5459
6461	1755
6461	2497
6461	7018
6461	1
6461	1239
6461	5696
6461	7189
6461	6555
6461	11919
6461	7586
6461	5594
6461	2914
6461	6320
6461	2529
6461	6427
6461	4058
6461	4766
6461	3786
6461	3557
6461	3066
6461	715
6461	5669
6461	7473
6461	4780
6461	11414
6461	10368
6461	11042
6463	7992
6463	3602
6463	6463
6463	6347
6463	3766
6463	6453
6463	6401
6463	2652
6467	7333
6467	1
6467	1239
6467	701
6467	3561
6467	2914
6467	6660
6467	2828
6470	7018
6471	6371
6481	2914
6494	13636
6494	1239
6503	278
6503	3561
6503	701
6503	3632
6507	3561
6507	701
6509	549
6509	145
6509	293
6509	271
6509	803
6509	852
6509	8111
6509	10965
6509	856
6509	10786
6509	376
6509	10972
6510	210
6510	5650
6544	701
6555	6461
6555	701
6555	1
6571	11106
6571	6347
6580	1239
6580	6580
6580	7018
6597	701
6597	6597
6597	1239
6597	1
6629	701
6654	174
6660	7922
6660	5378
6660	701
6660	2828
6660	293
6660	6779
6660	6259
6660	6402
6660	3384
6660	3491
6660	5646
6660	6467
6660	2917
6664	3269
6664	5392
6664	6762
6669	5400
6669	8903
6689	5436
6689	5400
6696	702
6696	3304
6696	6696
6696	6852
6705	5378
6705	3300
6705	5409
6705	8750
6716	3328
6716	2828
6716	2914
6716	293
6716	8001
6719	5378
6719	4000
6719	6730
6720	1853
6725	1849
6730	8404
6730	6730
6730	5400
6730	1755
6730	702
6730	3292
6730	5459
6730	6719
6730	12511
6735	8938
6735	5409
6747	6851
6747	702
6747	5551
6751	5549
6751	9057
6755	9121
6755	7018
6755	3561
6755	6755
6755	1239
6762	8761
6762	1239
6762	701
6762	3300
6762	6453
6762	6664
6763	9212
6763	5607
6763	11341
6774	5432
6774	1755
6774	3300
6774	6453
6779	5378
6779	6660
6779	6779
6779	4000
6779	5459
6793	1299
6805	6878
6805	5378
6805	5413
6805	1667
6805	1273
6805	1270
6805	5409
6805	5459
6805	8387
6813	4926
6813	3561
6813	3352
6813	6813
6813	766
6813	6453
6830	8209
6830	1755
6830	6830
6830	9057
6834	3292
6851	6747
6851	8274
6852	6696
6852	4000
6853	8269
6859	9057
6870	9557
6870	2856
6870	5400
6878	6805
6897	4000
6900	5378
6900	1270
6900	6900
6900	3209
6905	5727
6905	3333
6905	3967
6905	1755
6912	2553
6912	701
6913	701
6922	18
6922	7018
6922	6922
6922	1239
6922	3794
6922	1
6922	3354
6922	209
6922	10812
6922	7290
6922	10550
6922	7291
6922	1761
6922	1970
6924	5006
6938	3356
6938	701
6983	701
6983	12173
6983	6112
6983	3452
6988	7018
6993	4134
6993	1239
6993	6993
6993	701
6993	3561
6993	1
6993	7018
6993	2914
6995	209
6995	6995
6995	3951
6995	1
7012	5676
7015	7922
7015	7015
7015	701
7015	3561
7015	7018
7016	7016
7016	701
7016	7922
7018	701
7018	1
7018	14045
7018	293
7018	1239
7018	7170
7018	2828
7018	3561
7018	2685
7018	6453
7018	2914
7018	1740
7018	13391
7018	11812
7018	10656
7018	11806
7018	11383
7018	6461
7018	11397
7018	11895
7018	12163
7018	11134
7018	5727
7018	6301
7018	11090
7018	11268
7018	10851
7018	2386
7018	4129
7018	7462
7018	12121
7018	8143
7018	12099
7018	12045
7018	7914
7018	11560
7018	11937
7018	10947
7018	8074
7018	9430
7018	6433
7018	4592
7018	13375
7018	13578
7018	7806
7018	6580
7018	196
7018	11810
7018	11516
7018	11684
7018	13815
7018	13436
7018	11902
7018	6988
7018	6411
7018	6201
7018	12120
7018	9329
7018	11971
7018	11337
7018	11154
7018	13443
7018	11107
7018	11741
7018	10726
7018	6443
7018	10588
7018	13632
7018	11589
7018	11857
7018	11235
7018	13373
7018	11400
7018	13371
7018	6410
7018	11906
7018	12156
7018	14149
7018	10914
7018	11101
7018	13558
7018	14143
7018	10453
7018	6470
7018	13707
7018	13552
7018	13642
7018	13919
7018	12116
7018	13888
7018	7309
7018	10603
7018	3585
7018	13758
7018	12069
7018	13641
7018	13627
7018	12068
7018	7743
7018	12039
7018	12261
7018	125
7018	13572
7018	6307
7018	12281
7018	12082
7018	13688
7018	1763
7018	14113
7018	13346
7018	12223
7018	10317
7018	14076
7018	14005
7018	14153
7018	12022
7018	71
7018	10911
7018	6172
7018	11351
7018	11707
7018	7757
7018	11426
7018	13343
7018	8052
7018	10311
7018	10838
7018	10994
7018	7922
7018	11427
7018	12270
7018	12271
7018	13560
7018	11563
7018	7853
7018	7015
7018	3300
7018	2767
7018	6259
7018	2548
7018	3356
7018	3737
7018	7333
7018	568
7018	174
7018	11919
7018	5400
7018	1833
7018	10910
7018	3549
7018	3257
7018	3320
7018	6755
7018	12153
7018	11854
7018	10912
7018	6402
7018	13812
7018	10477
7018	14299
7018	3967
7018	6164
7018	5050
7018	6922
7018	297
7018	1742
7018	5646
7018	3599
7018	4766
7018	3932
7018	2572
7018	87
7018	3680
7018	8043
7018	8070
7018	11172
7018	4565
7018	1351
7018	2551
7018	3857
7018	3951
7018	1659
7018	1968
7018	144
7018	5730
7018	6431
7018	668
7018	1757
7018	2918
7018	13336
7018	11231
7018	3741
7018	4200
7018	1872
7018	4780
7018	3462
7018	6993
7021	1
7029	701
7037	11990
7037	7037
7037	1
7037	5696
7037	4540
7037	11123
7037	3561
7042	701
7046	701
7046	7360
7050	11537
7050	2381
7050	145
7066	1201
7066	1239
7066	293
7066	225
7066	1312
7066	11975
7066	11279
7066	10357
7081	145
7131	5727
7131	701
7132	2548
7132	7132
7132	1239
7132	12007
7170	1455
7170	286
7170	7018
7170	145
7170	2914
7170	1
7170	3520
7170	2828
7170	293
7170	668
7170	568
7170	22
7170	1239
7170	592
7170	48
7170	13
7170	298
7170	5957
7170	1503
7170	1453
7170	132
7170	83
7170	89
7170	1260
7170	175
7170	84
7170	149
7170	523
7170	5058
7170	555
7170	1485
7170	7774
7170	1655
7170	374
7170	1456
7176	8209
7176	1
7176	5388
7176	5409
7176	5459
7176	3333
7176	8612
7176	12394
7176	3313
7176	2871
7189	1691
7189	6461
7189	271
7189	7189
7189	5646
7189	1239
7189	11079
7192	1
7193	1
7212	11537
7212	1239
7260	10656
7260	701
7260	7260
7260	1
7260	3599
7260	11417
7261	701
7276	4557
7276	114
7281	701
7288	2685
7290	6922
7290	7911
7291	6922
7291	2548
7294	5078
7294	7911
7309	7309
7309	7018
7332	701
7333	6467
7333	7333
7333	7018
7355	7355
7355	701
7355	1
7360	7046
7360	7360
7360	701
7360	5673
7362	701
7362	114
7377	1740
7377	11422
7377	145
7386	1
7398	816
7398	3602
7430	1
7430	701
7435	701
7462	7018
7472	3758
7472	7610
7473	4657
7473	2828
7473	2914
7473	5727
7473	3758
7473	6453
7473	7473
7473	6461
7474	7569
7474	5727
7474	701
7474	5683
7474	7570
7474	7474
7474	4738
7474	7572
7474	7571
7474	7476
7474	4740
7474	7573
7474	9313
7474	2764
7474	7475
7474	7574
7474	4742
7475	7474
7475	7475
7475	1221
7476	7474
7501	2504
7501	4694
7501	2516
7501	2497
7501	7502
7502	7501
7514	7679
7514	4716
7515	4713
7515	6453
7515	701
7515	2914
7515	2514
7515	7515
7515	2518
7515	4673
7515	2510
7518	2516
7518	4694
7518	7518
7518	2497
7518	4716
7526	7526
7526	3561
7531	2497
7533	7656
7533	7533
7533	9505
7535	7656
7535	7535
7535	3462
7535	4780
7535	9505
7539	9264
7539	145
7539	293
7543	7543
7543	7657
7543	9396
7543	2764
7569	7474
7570	7474
7571	7474
7572	7474
7573	7474
7574	7474
7586	7657
7586	6461
7610	7472
7610	145
7610	7610
7610	10764
7623	3608
7656	7535
7656	7533
7657	7543
7657	7657
7657	7586
7657	5673
7657	4565
7660	4730
7660	10764
7660	2500
7660	2513
7660	5646
7660	9355
7679	7679
7679	2516
7679	7514
7713	11919
7714	4763
7743	1239
7743	7018
7756	1
7756	6172
7756	7756
7757	7922
7757	7757
7757	3561
7757	7018
7757	5650
7773	10831
7773	7773
7773	2914
7774	7170
7774	7774
7774	2914
7774	101
7792	7792
7792	701
7792	5006
7799	701
7806	2914
7806	7018
7823	1239
7843	701
7843	1239
7843	209
7843	13414
7843	1351
7853	7018
7853	2914
7853	7853
7853	3561
7893	2055
7893	701
7893	2048
7893	7893
7896	11317
7908	10318
7908	2548
7911	5679
7911	4544
7911	7911
7911	2828
7911	2914
7911	5671
7911	7294
7911	7290
7911	11354
7914	7018
7915	8047
7915	10609
7922	11351
7922	2828
7922	2914
7922	293
7922	11707
7922	6660
7922	7757
7922	11426
7922	8052
7922	10311
7922	10994
7922	10796
7922	7018
7922	11427
7922	11955
7922	12271
7922	7016
7922	13560
7922	11060
7922	7015
7925	13661
7925	7925
7925	10719
7931	1785
7939	32772
7939	11095
7973	5006
7992	816
7992	7992
7992	6463
7992	2767
7997	7997
7997	1239
8000	701
8001	6320
8001	3967
8001	3549
8001	10910
8001	6716
8012	701
8012	10910
8013	174
8016	1
8016	3951
8017	1
8036	5078
8043	3561
8043	7018
8043	1239
8047	11090
8047	701
8047	3561
8047	7915
8049	209
8052	7018
8052	7922
8052	1239
8061	701
8062	701
8070	8071
8070	6453
8070	1239
8070	701
8070	3561
8070	8070
8070	7018
8070	2914
8071	8070
8071	101
8074	701
8074	7018
8074	3561
8074	1239
8079	14153
8079	8079
8079	701
8079	2548
8079	1239
8092	1
8092	3356
8111	854
8111	6509
8112	1
8113	1
8114	3951
8114	1
8115	3951
8119	701
8119	1740
8119	1239
8136	701
8143	6453
8143	701
8143	7018
8143	3561
8151	6332
8151	1239
8151	8151
8158	701
8158	6347
8160	6453
8160	8160
8160	3493
8160	2767
8175	2711
8175	3491
8175	2828
8175	701
8182	701
8192	3254
8192	8192
8192	3549
8196	5378
8196	3300
8196	8918
8196	5409
8209	3333
8209	8209
8209	1136
8209	6830
8209	7176
8210	2119
8210	3333
8210	1239
8210	701
8210	1755
8210	3561
8210	2603
8218	8656
8218	5549
8218	174
8218	8355
8220	9126
8220	3333
8220	6453
8220	5388
8220	5409
8220	5459
8237	3303
8251	3333
8251	5413
8251	8251
8251	8918
8251	9057
8251	12394
8254	5549
8263	8342
8269	6853
8269	4000
8271	5378
8274	6851
8274	8724
8284	4000
8297	8784
8297	1849
8297	6453
8297	8743
8297	3209
8297	5459
8319	9040
8319	5378
8335	4000
8336	5568
8342	8263
8342	1299
8342	3254
8342	8342
8355	8656
8355	1290
8355	8218
8355	8651
8365	1275
8365	8793
8384	8572
8384	517
8387	1901
8387	8387
8387	6805
8404	702
8404	1836
8404	5378
8404	6730
8435	2856
8437	3303
8437	1755
8466	11042
8469	5378
8469	8918
8469	5430
8469	5409
8472	1755
8472	5400
8495	8793
8522	5408
8522	8522
8522	1241
8527	5378
8527	3305
8572	8384
8593	3320
8608	3333
8608	5413
8610	5409
8612	5378
8612	7176
8623	3267
8623	5568
8650	3292
8650	5409
8651	8656
8651	3333
8651	8355
8656	8218
8656	8651
8656	8355
8656	5409
8709	3967
8709	5459
8724	8274
8724	8724
8724	9058
8730	5568
8743	9057
8743	8743
8743	3300
8743	2856
8743	8297
8743	5459
8743	9212
8750	6705
8750	1
8761	5378
8761	6762
8761	5409
8784	8908
8784	8297
8793	8365
8793	1273
8793	5409
8793	8793
8793	9057
8793	8495
8874	3215
8874	2917
8903	6669
8903	5409
8908	2917
8908	8784
8918	8196
8918	701
8918	1
8918	5459
8918	4565
8918	8469
8918	5424
8918	8251
8918	2611
8918	3333
8918	5401
8933	2603
8933	1103
8933	786
8933	1275
8933	3300
8933	2200
8933	1853
8933	378
8933	513
8933	559
8933	2907
8933	2611
8933	137
8933	766
8933	1213
8933	1930
8933	5408
8938	5549
8938	1755
8938	8938
8938	1
8938	3300
8938	6735
8938	5459
8938	5427
8950	5430
8959	5384
8959	1
8960	5384
8960	701
8964	3259
8964	8964
8964	3305
8973	32
8999	3259
8999	5594
9010	1275
9010	701
9010	378
9010	11537
9010	2611
9010	137
9010	1213
9010	1930
9010	5408
9026	5378
9026	5392
9027	5378
9027	5413
9027	9027
9027	702
9034	9035
9035	9034
9035	702
9040	8319
9055	702
9057	3356
9057	3333
9057	5459
9057	6751
9057	2856
9057	6830
9057	6859
9057	1755
9057	5400
9057	286
9057	8251
9057	8743
9057	8793
9057	12701
9058	8724
9058	11331
9088	1653
9121	6755
9121	5594
9126	8220
9126	1841
9187	2607
9212	6763
9212	8743
9264	1740
9264	7539
9269	701
9269	814
9313	7474
9313	9313
9313	1221
9325	4648
9329	7018
9355	2513
9355	7660
9362	4725
9362	2514
9362	2521
9367	2500
9396	7543
9430	6453
9430	7018
9431	4768
9432	4768
9433	4768
9503	4648
9505	7533
9505	6453
9505	7535
9525	4766
9525	3786
9557	6870
9634	3786
9650	1221
10261	3493
10311	1740
10311	7922
10311	10311
10311	3561
10311	7018
10317	7018
10318	4926
10318	7908
10326	209
10326	10326
10326	3561
10334	701
10334	1740
10334	1239
10357	7066
10368	6461
10368	701
10383	701
10383	2548
10424	701
10424	2548
10430	101
10430	11827
10431	701
10434	701
10436	6332
10437	701
10437	10490
10437	10437
10437	1
10441	174
10441	4565
10453	701
10453	7018
10455	1740
10461	3356
10461	4565
10461	701
10461	1239
10466	701
10466	55
10466	11537
10466	10466
10466	145
10466	11834
10477	701
10477	7018
10482	852
10484	701
10484	1740
10487	3356
10487	1239
10487	701
10487	1
10487	2914
10490	13429
10490	145
10490	2637
10490	81
10490	10437
10490	3450
10490	11095
10490	3479
10490	11537
10490	12005
10490	12148
10490	12173
10490	10631
10490	3452
10506	701
10506	1740
10506	1
10508	11317
10514	701
10514	1239
10514	3561
10514	2914
10530	14202
10530	701
10546	11537
10550	6922
10553	1
10553	701
10560	11172
10560	6332
10561	1
10564	701
10571	701
10588	7018
10588	5683
10603	701
10603	7018
10609	7915
10609	1239
10625	701
10631	10490
10643	1239
10656	7260
10656	7018
10660	13457
10660	5683
10673	701
10673	3549
10680	87
10680	11537
10680	701
10702	293
10702	2899
10719	7925
10719	3951
10719	1
10721	209
10722	174
10725	1
10726	7018
10726	3561
10726	209
10726	1239
10726	5056
10754	2041
10754	701
10755	145
10764	7660
10764	145
10764	293
10764	7610
10769	701
10770	1239
10771	10821
10771	1239
10786	6509
10788	701
10796	2548
10796	7922
10796	3561
10796	10796
10812	14373
10812	6922
10821	10771
10825	701
10825	1239
10825	10825
10825	2548
10826	701
10826	2548
10826	1239
10827	1
10827	1239
10827	701
10827	10827
10827	2548
10828	14342
10828	701
10828	1239
10828	10828
10828	2548
10831	7773
10831	2548
10831	701
10832	1239
10832	701
10833	701
10833	1239
10838	7018
10838	10838
10838	11563
10838	701
10838	200
10851	701
10851	7018
10851	11354
10866	701
10878	5737
10884	10884
10884	701
10884	1325
10886	27
10886	145
10886	11131
10899	1239
10910	8001
10910	10910
10910	701
10910	7018
10910	8012
10910	3561
10910	1
10910	1239
10910	13566
10910	13537
10911	714
10911	1239
10911	10911
10911	701
10911	3561
10911	7018
10911	1
10911	13359
10912	13830
10912	10912
10912	3561
10912	7018
10912	1239
10912	1
10913	11952
10913	1239
10913	10913
10913	1
10913	13953
10913	701
10914	7018
10947	7018
10965	6509
10972	6509
10994	7922
10994	10994
10994	7018
10994	1239
10994	3561
10994	2548
10994	65105
11003	3561
11003	1239
11003	209
11010	1239
11010	701
11030	701
11030	1740
11035	701
11039	6350
11039	11039
11039	145
11039	293
11039	1
11042	8466
11042	4200
11042	2614
11042	6461
11050	3112
11050	11060
11060	3561
11060	7922
11060	11050
11076	715
11078	1740
11078	145
11079	7189
11079	815
11085	577
11085	816
11090	7018
11090	8047
11094	1740
11094	701
11095	2553
11095	10490
11095	6356
11095	4511
11095	5661
11095	7939
11099	5673
11101	11101
11101	7018
11101	5006
11101	1239
11101	3561
11101	3914
11104	1
11104	1239
11104	11104
11104	2548
11106	209
11106	6571
11107	1239
11107	11107
11107	7018
11123	11123
11123	715
11123	7037
11131	6059
11131	10886
11132	2548
11132	701
11134	3561
11134	7018
11136	6332
11143	11854
11145	1
11146	1
11147	1
11148	1
11154	7018
11163	3561
11163	2548
11163	701
11172	6342
11172	7018
11172	10560
11211	2548
11211	701
11213	3356
11213	701
11214	701
11225	701
11225	1239
11226	2548
11231	6222
11231	11231
11231	7018
11232	701
11233	701
11233	11233
11233	2914
11233	6367
11235	2548
11235	7018
11252	3561
11255	701
11260	2767
11260	11260
11260	854
11261	2548
11268	5696
11268	7018
11268	6337
11277	3561
11279	11537
11279	7066
11279	6350
11290	6453
11290	2493
11290	3493
11293	11423
11317	7896
11317	11537
11317	2701
11317	2495
11317	1239
11317	209
11317	2496
11317	10508
11317	6263
11317	11607
11318	11537
11319	701
11319	6347
11331	9058
11331	1239
11333	3549
11337	7018
11341	6763
11341	1
11349	701
11351	11351
11351	3561
11351	7922
11351	7018
11351	1785
11354	10851
11354	1239
11354	1
11354	701
11354	7911
11355	701
11359	11662
11359	1239
11363	2914
11363	2548
11377	701
11383	4200
11383	7018
11397	2548
11397	7018
11400	701
11400	1239
11400	7018
11403	1239
11414	6461
11417	1
11417	11417
11417	7260
11418	701
11418	3561
11418	3549
11422	7377
11422	11537
11422	293
11422	4
11422	145
11422	3561
11422	52
11422	131
11422	47
11422	127
11422	299
11422	2150
11422	31
11422	6106
11423	32
11423	145
11423	293
11423	25
11423	11537
11423	3561
11423	11293
11423	5739
11423	6192
11423	5653
11424	2914
11424	1239
11426	7922
11426	11426
11426	7018
11426	3561
11427	11427
11427	3561
11427	7922
11427	7018
11427	4323
11461	2548
11473	11530
11473	701
11486	701
11492	3561
11492	1239
11499	1
11499	11499
11499	3549
11508	1239
11516	7018
11522	5690
11522	2767
11527	701
11527	1239
11527	11527
11527	1
11530	11473
11530	1239
11537	237
11537	1103
11537	145
11537	293
11537	11422
11537	34
11537	17
11537	11423
11537	4557
11537	14
11537	1201
11537	10466
11537	101
11537	81
11537	5050
11537	12
11537	160
11537	513
11537	225
11537	3112
11537	20
11537	6360
11537	1312
11537	38
11537	10490
11537	4600
11537	1706
11537	3685
11537	11975
11537	6200
11537	5078
11537	7212
11537	9010
11537	2902
11537	10680
11537	12145
11537	7050
11537	11317
11537	1832
11537	11279
11537	2900
11537	10546
11537	13504
11537	3681
11537	13796
11537	5640
11537	11318
11548	6259
11548	701
11550	5072
11560	1740
11560	7018
11563	10838
11563	1335
11563	7018
11569	2018
11569	2548
11573	701
11573	1
11574	701
11584	701
11588	701
11588	11588
11588	5650
11589	3561
11589	7018
11595	11595
11595	701
11601	701
11601	3561
11607	11317
11614	6082
11627	1740
11662	11359
11664	701
11674	1
11674	3549
11684	7018
11690	1239
11690	701
11707	7922
11707	11707
11707	3561
11707	7018
11712	6197
11712	11712
11712	3561
11712	4200
11729	701
11737	2914
11737	701
11741	11741
11741	7018
11741	6188
11745	145
11764	701
11764	4200
11778	3384
11778	3561
11784	1
11784	701
11795	701
11795	1740
11806	7018
11808	2914
11808	101
11810	701
11810	7018
11810	3561
11812	7018
11812	5006
11813	701
11826	2914
11826	701
11827	101
11827	10430
11829	5673
11829	11829
11829	701
11834	2914
11834	10466
11839	701
11839	1
11849	701
11853	13851
11853	11853
11853	3561
11853	1239
11853	1
11854	11143
11854	1239
11854	11854
11854	1
11854	7018
11854	701
11857	7018
11857	11857
11857	3561
11872	145
11874	2914
11891	13329
11891	11891
11891	701
11895	3561
11895	7018
11902	701
11902	7018
11903	2914
11906	3561
11906	7018
11908	701
11910	701
11919	7713
11919	7018
11919	11919
11919	6461
11937	7018
11937	4550
11952	701
11952	10913
11955	3561
11955	1740
11955	12262
11955	7922
11959	701
11964	2914
11964	701
11971	701
11971	7018
11975	11537
11975	7066
11981	701
11990	11990
11990	209
11990	7037
11992	5786
11992	701
11996	701
11997	174
11997	701
12005	10490
12007	7132
12007	12007
12007	1
12010	701
12013	1
12013	6198
12015	3561
12015	209
12019	13952
12019	2548
12021	2767
12021	12021
12021	816
12021	3602
12022	3561
12022	7018
12025	1
12025	701
12039	7018
12041	2548
12041	701
12042	5006
12045	701
12045	7018
12048	2548
12054	2548
12054	701
12062	701
12068	7018
12069	701
12069	7018
12079	1
12082	7018
12093	549
12097	701
12097	2548
12097	6259
12097	1239
12099	7018
12116	7018
12116	5683
12117	701
12117	3549
12120	7018
12121	7018
12127	2914
12127	701
12128	701
12128	174
12144	701
12145	11537
12148	10490
12151	701
12153	7018
12156	701
12156	1239
12156	7018
12163	7018
12163	13414
12173	10490
12173	6983
12179	714
12179	1239
12179	12179
12179	701
12179	2914
12179	3561
12179	1
12179	14067
12184	701
12184	1
12194	701
12196	701
12197	701
12199	701
12207	1
12207	209
12223	701
12223	7018
12228	1
12228	701
12233	209
12237	701
12238	174
12238	701
12246	6453
12246	701
12261	701
12261	7018
12262	11955
12270	3561
12270	7018
12271	7922
12271	12271
12271	701
12271	7018
12274	701
12274	2510
12274	3561
12281	7018
12287	3561
12287	701
12337	1273
12337	12337
12337	517
12384	1653
12394	8251
12394	7176
12448	5568
12479	702
12479	5511
12503	5430
12511	6730
12511	3303
12645	3259
12645	2917
12701	5378
12701	12701
12701	9057
13312	701
13312	3951
13315	1742
13315	1
13321	701
13326	701
13326	145
13329	11891
13329	1239
13329	3561
13335	701
13335	2548
13336	13336
13336	7018
13339	701
13343	3561
13343	7018
13346	3561
13346	7018
13359	3561
13359	10911
13360	701
13367	5006
13368	701
13371	7018
13373	7018
13375	701
13375	7018
13378	2551
13378	701
13379	701
13379	1239
13380	3356
13380	2548
13380	701
13391	7018
13393	701
13399	701
13399	1239
13404	1239
13414	7843
13414	13414
13414	12163
13419	1239
13419	701
13419	3561
13429	10490
13432	701
13432	4565
13436	1740
13436	7018
13442	715
13443	701
13443	7018
13445	701
13445	1239
13445	14095
13454	1239
13454	701
13455	5696
13455	6128
13457	701
13457	10660
13462	2914
13471	701
13488	13558
13488	1239
13488	13641
13504	2055
13504	11537
13516	701
13516	1239
13526	6172
13526	5673
13532	701
13532	4565
13534	701
13537	13537
13537	6453
13537	10910
13540	1740
13547	13547
13547	209
13552	7018
13553	2914
13553	6227
13554	701
13554	6128
13558	7018
13558	13488
13560	7922
13560	13560
13560	7018
13566	10910
13568	701
13568	1239
13570	701
13572	1239
13572	7018
13576	701
13578	1239
13578	7018
13586	701
13586	1239
13588	701
13593	701
13593	209
13599	701
13599	1
13614	701
13614	5650
13624	209
13624	1239
13624	701
13624	3561
13625	701
13626	701
13626	2914
13627	7018
13632	7018
13636	2914
13636	6494
13638	1239
13638	701
13641	7018
13641	13488
13642	7018
13642	6082
13659	701
13661	7925
13661	209
13681	1
13688	7018
13690	4323
13703	701
13703	4565
13707	701
13707	1239
13707	7018
13708	1
13708	48
13737	4540
13740	701
13740	6347
13758	2548
13758	7018
13762	3561
13762	701
13765	701
13765	3850
13770	6347
13784	701
13793	701
13796	11537
13812	701
13812	7018
13815	1239
13815	7018
13830	701
13830	10912
13832	1
13837	701
13837	13837
13837	174
13851	701
13851	11853
13883	701
13883	174
13887	701
13887	1239
13888	7018
13888	13888
13888	3561
13894	701
13894	1239
13896	2548
13896	701
13916	701
13919	7018
13927	701
13927	2379
13931	701
13932	209
13942	1
13942	701
13952	701
13952	12019
13953	10913
13954	701
13967	209
13967	13967
13967	701
13976	701
13983	701
13992	3561
13997	1225
13998	2548
14005	7018
14005	6350
14010	701
14011	1833
14034	2548
14034	701
14036	701
14036	1239
14037	701
14039	701
14045	1
14045	7018
14047	209
14047	701
14049	5673
14051	209
14051	701
14063	701
14067	701
14067	12179
14075	209
14075	701
14076	7018
14082	701
14082	6347
14095	13445
14095	3549
14101	293
14107	209
14113	14113
14113	7018
14114	701
14124	1239
14124	701
14127	701
14133	701
14143	7018
14143	701
14149	7018
14150	1
14150	701
14153	7018
14153	8079
14154	701
14155	3561
14155	1239
14202	14202
14202	10530
14205	701
14215	3561
14219	701
14219	2548
14265	701
14265	3561
14279	701
14290	701
14298	1239
14298	701
14299	701
14299	7018
14315	701
14315	6347
14329	1239
14329	701
14330	701
14342	10828
14355	3356
14373	10812
14506	701
32772	7939
65105	10994
