# Undirected graph (each pair of nodes is saved twice):as19991230.txt
# Autonomous systems (from the BGP logs) - 12 30 1999 
# Nodes:2132	Edges: 4531
# FromNodeId	ToNodeId
1	701
1	286
1	2914
1	293
1	3561
1	7018
1	2497
1	1239
1	2828
1	1800
1	189
1	5727
1	14045
1	86
1	7170
1	2685
1	13315
1	1673
1	5006
1	4200
1	6461
1	2548
1	6301
1	5696
1	11354
1	1740
1	4550
1	6453
1	11015
1	6201
1	5650
1	71
1	33
1	10911
1	12179
1	3
1	3360
1	6172
1	200
1	7756
1	209
1	1691
1	3356
1	7176
1	6555
1	3847
1	8092
1	6467
1	32
1	174
1	5646
1	226
1	8938
1	8959
1	4565
1	6993
1	6774
1	2856
1	3549
1	1833
1	8918
1	3967
1	3303
1	5413
1	8750
1	3257
1	11341
1	14150
1	10553
1	11853
1	13942
1	11854
1	11573
1	11839
1	3126
1	10910
1	10912
1	13599
1	13832
1	12184
1	11524
1	10913
1	3495
1	11527
1	4544
1	3491
1	5737
1	6227
1	11104
1	10827
1	11221
1	3914
1	3932
1	46
1	199
1	5691
1	6
1	48
1	2637
1	7473
1	297
1	7260
1	11499
1	10725
1	600
1	10437
1	11039
1	3450
1	3479
1	6922
1	5723
1	3527
1	63
1	3749
1	10561
1	11674
1	89
1	7037
1	4648
1	3404
1	70
1	4911
1	11784
1	6597
1	7430
1	12013
1	8070
1	1236
1	11417
1	3292
1	13708
1	6995
1	2551
1	3209
1	668
1	10487
1	5693
1	144
1	10506
1	6261
1	12079
1	7355
1	12228
1	7386
1	763
1	12007
1	625
1	11855
1	12207
1	1746
1	4010
1	1830
1	12025
1	11148
1	11145
1	7021
1	7193
1	8114
1	11147
1	11146
1	8017
1	7192
1	10719
1	8113
1	8112
1	6350
1	8016
1	13498
1	3614
1	7862
1	1311
1	109
1	7418
1	4355
1	13374
1	5000
1	11552
1	11086
1	1668
1	8132
1	10273
1	11302
1	2041
1	4006
1	11188
1	8048
1	6716
1	2024
1	2714
1	6221
1	10615
1	7754
1	11027
1	7152
1	7055
1	6949
1	2511
1	4583
2	5696
3	145
3	1
3	293
4	11422
6	1
7	786
8	4557
8	114
9	9
9	145
9	5050
12	145
13	7170
13	668
13	213
14	145
14	14
14	1785
14	11537
16	293
17	11537
17	701
18	145
18	6922
18	3354
20	145
20	11537
22	7170
25	11423
25	1852
26	145
26	1785
27	2548
27	10886
29	145
31	11422
31	226
32	1
32	11423
32	2828
32	8973
33	701
33	1
33	3557
33	2497
34	11537
34	3932
37	3520
37	3739
38	5646
38	1225
38	293
38	1224
41	297
43	293
43	1785
45	293
46	145
46	701
46	1
47	11422
48	7170
48	48
48	1
48	13708
48	5058
49	701
50	3450
50	293
52	3561
52	11422
55	10466
63	1
68	293
70	1
71	701
71	1
71	7018
71	71
72	5551
72	4637
72	3305
73	101
73	2914
74	6453
74	3766
77	2548
77	5723
80	701
81	6250
81	1239
81	11537
81	701
81	81
81	12031
83	7170
84	7170
84	3739
86	1
87	10680
87	7018
88	145
88	2914
88	1740
89	7170
89	89
89	1
89	721
101	73
101	145
101	1740
101	11537
101	1239
101	701
101	11808
101	8071
101	10430
101	11827
101	7774
101	13476
101	11956
103	1103
103	2914
103	5646
103	293
103	2828
104	145
104	209
104	4191
109	702
109	701
109	1
109	7018
109	1239
109	2497
109	2548
109	109
111	145
111	701
114	8
114	2914
114	293
114	3561
114	302
114	7276
114	5707
114	7362
114	11773
125	7018
127	11422
127	226
127	127
127	297
131	11422
131	1852
132	7170
137	8933
137	9010
137	137
137	3426
137	5444
137	5441
140	701
144	7018
144	144
144	1
145	1742
145	1103
145	293
145	3
145	9
145	46
145	10886
145	7081
145	10490
145	11423
145	29
145	4557
145	14
145	1201
145	18
145	26
145	10466
145	101
145	217
145	3128
145	210
145	88
145	5739
145	194
145	3999
145	1249
145	6192
145	12
145	3388
145	160
145	104
145	225
145	11078
145	20
145	11039
145	1312
145	1206
145	5050
145	111
145	3685
145	2572
145	5723
145	11872
145	3527
145	2552
145	3676
145	693
145	7050
145	10755
145	2698
145	13326
145	11745
145	7377
145	195
145	4130
145	1706
145	1224
145	5640
145	721
145	12118
149	7170
151	4657
151	151
151	4637
151	4058
151	2915
151	4628
159	3112
159	600
160	145
160	5646
160	293
167	3561
173	2511
173	4694
174	2493
174	5378
174	2828
174	293
174	3561
174	2914
174	7018
174	1
174	1239
174	701
174	1755
174	1290
174	11997
174	12128
174	12238
174	13837
174	13883
174	286
174	1673
174	6654
174	6122
174	10441
174	10722
174	2554
174	2521
174	721
174	3976
174	8013
174	8218
174	3403
174	4547
174	6660
174	12018
174	13633
174	11866
174	8355
174	209
174	1294
174	10499
174	11494
174	1932
175	7170
189	1
194	145
194	209
195	1227
195	145
195	1740
195	293
195	11422
195	2641
196	1740
196	7018
199	1
200	10838
200	1
200	6360
200	200
200	701
209	1239
209	286
209	13707
209	3561
209	10721
209	1
209	293
209	1740
209	701
209	2828
209	7843
209	2914
209	12015
209	13624
209	13547
209	14075
209	13593
209	14051
209	14047
209	14195
209	2685
209	12233
209	14099
209	14484
209	14237
209	14369
209	14427
209	14353
209	5024
209	3951
209	13932
209	14107
209	6601
209	10726
209	8049
209	2711
209	210
209	194
209	104
209	600
209	6350
209	3450
209	1706
209	13661
209	6922
209	2901
209	237
209	11317
209	11990
209	297
209	10326
209	3356
209	6995
209	11003
209	5665
209	12207
209	11106
209	1842
209	1591
209	5645
209	8051
209	7359
209	6181
209	6640
209	13564
209	1668
209	174
209	6453
209	8159
209	6949
209	6319
209	3614
210	145
210	209
210	6510
213	13
217	145
217	5006
217	293
220	6137
222	721
224	2603
225	145
225	7066
226	5676
226	226
226	1
226	2828
226	1740
226	293
226	127
226	31
226	4554
227	724
229	237
234	2914
237	2914
237	11537
237	5696
237	237
237	3561
237	2828
237	229
237	209
237	293
237	3491
237	238
238	1239
238	238
238	237
239	549
252	7170
255	721
267	1225
268	6350
270	297
271	6509
271	577
271	271
271	7189
272	721
278	6503
278	278
278	3561
278	6332
278	7184
278	3548
278	11087
286	701
286	3333
286	1
286	4200
286	2548
286	3561
286	209
286	5696
286	1740
286	2914
286	6172
286	5459
286	2685
286	702
286	1755
286	3847
286	4565
286	568
286	2516
286	1290
286	517
286	293
286	2497
286	2828
286	1901
286	1836
286	1136
286	3549
286	3304
286	3302
286	174
286	3356
286	3491
286	3914
286	297
286	4544
286	1899
286	1889
286	3220
286	8297
286	7170
286	790
286	2551
286	668
286	4553
286	1891
286	1746
286	3407
286	6066
286	2116
286	6113
286	4540
286	3951
286	4006
286	1800
286	2110
288	1103
288	297
291	293
292	293
293	701
293	1
293	7018
293	2685
293	145
293	6461
293	2548
293	3561
293	1239
293	1740
293	2914
293	3
293	6172
293	1800
293	7922
293	209
293	6453
293	3356
293	174
293	5006
293	4565
293	6660
293	568
293	11537
293	11423
293	11422
293	1275
293	286
293	3549
293	3967
293	4000
293	3257
293	5409
293	3320
293	2917
293	6113
293	4323
293	5696
293	2828
293	4200
293	3491
293	16
293	1103
293	2497
293	3847
293	45
293	7170
293	2603
293	114
293	292
293	291
293	7066
293	3354
293	226
293	6509
293	217
293	297
293	3128
293	3786
293	160
293	378
293	600
293	11039
293	68
293	50
293	38
293	3506
293	5650
293	6200
293	5719
293	6406
293	693
293	103
293	1829
293	237
293	1842
293	3428
293	5646
293	10764
293	2505
293	3426
293	3563
293	43
293	683
293	6402
293	3152
293	377
293	195
293	3429
293	10702
293	2551
293	3671
293	4544
293	513
293	3951
293	6716
293	7610
293	6261
293	4969
293	6259
293	7539
293	1746
293	6079
293	3407
293	3932
293	6081
293	6395
293	2640
293	4540
293	4183
293	2041
293	8175
293	4550
293	4006
295	6350
297	668
297	2497
297	41
297	286
297	2914
297	1
297	293
297	3561
297	7018
297	1239
297	701
297	2828
297	1800
297	127
297	1843
297	270
297	1842
297	209
297	288
297	1263
298	7170
299	11422
299	299
299	1852
302	4557
302	114
303	5872
303	7170
374	7170
376	3493
376	6509
377	1334
377	377
377	293
378	8933
378	5646
378	293
378	9010
378	2828
385	400
398	721
400	385
400	721
412	721
422	721
424	721
428	2966
467	721
497	721
513	8933
513	3561
513	513
513	8918
513	11537
513	2828
513	789
513	293
517	5378
517	286
517	12337
517	517
517	1755
517	8384
517	12331
517	6710
523	7170
549	239
549	6509
549	701
549	577
549	12093
549	802
549	808
553	1275
553	1270
555	7170
555	3561
557	701
559	8933
559	559
559	701
565	1741
568	721
568	1239
568	1800
568	286
568	2914
568	293
568	3561
568	7018
568	7170
568	1913
568	724
568	1733
577	3561
577	1239
577	854
577	684
577	549
577	271
577	701
577	803
577	11085
577	855
577	2652
577	800
577	7122
577	8187
577	6183
577	7734
577	12226
592	7170
600	8049
600	600
600	3561
600	1239
600	159
600	701
600	1
600	209
600	2828
600	3491
600	293
600	3112
611	855
613	6347
613	613
613	1239
619	724
625	1
637	721
646	3739
646	646
646	701
668	7170
668	297
668	1800
668	13
668	2914
668	3561
668	3856
668	286
668	1
668	1239
679	2686
679	1853
681	4648
683	293
683	2914
683	2828
683	14031
683	10764
684	7398
684	577
684	3602
690	701
690	1677
690	1323
693	145
693	5646
693	293
700	1740
701	80
701	286
701	1225
701	1
701	293
701	3561
701	2914
701	2497
701	1239
701	7018
701	702
701	2828
701	1755
701	1673
701	13832
701	6461
701	1740
701	5006
701	6660
701	6504
701	7260
701	4200
701	6301
701	13625
701	10851
701	11959
701	8143
701	12045
701	8074
701	6453
701	4592
701	13375
701	6198
701	11810
701	11729
701	6411
701	6507
701	11971
701	13471
701	13443
701	2548
701	11400
701	6410
701	13321
701	12156
701	10625
701	10453
701	13707
701	6082
701	10603
701	3585
701	12069
701	12261
701	7046
701	12223
701	8079
701	2685
701	71
701	33
701	10911
701	12179
701	3360
701	705
701	6172
701	7922
701	11427
701	12271
701	7016
701	10838
701	3703
701	7843
701	209
701	10721
701	814
701	5727
701	3493
701	852
701	1800
701	816
701	4279
701	7015
701	6555
701	701
701	11690
701	12097
701	8062
701	6388
701	13368
701	7029
701	11255
701	6128
701	6983
701	11213
701	8047
701	11354
701	11232
701	13659
701	4926
701	13432
701	6467
701	174
701	11981
701	7332
701	3300
701	5774
701	2647
701	8960
701	6993
701	1680
701	5594
701	3549
701	1833
701	8918
701	10910
701	6762
701	8210
701	3257
701	2917
701	2856
701	5089
701	703
701	11737
701	13954
701	12199
701	12010
701	12041
701	11574
701	11826
701	11595
701	11795
701	13813
701	11910
701	14150
701	10434
701	8136
701	13516
701	12054
701	11377
701	13894
701	11764
701	13576
701	11664
701	14082
701	11813
701	11996
701	11997
701	3491
701	10553
701	12117
701	11132
701	13378
701	11486
701	13851
701	11891
701	13942
701	10769
701	11163
701	8000
701	10673
701	13454
701	7799
701	12128
701	13360
701	6433
701	14010
701	12194
701	10788
701	10484
701	11854
701	12127
701	11601
701	12237
701	12274
701	14292
701	11211
701	12197
701	11349
701	12246
701	7261
701	11573
701	11584
701	13638
701	13339
701	12287
701	11839
701	14315
701	13624
701	11548
701	3847
701	13399
701	13335
701	13379
701	3126
701	12238
701	7131
701	12151
701	13312
701	11214
701	13570
701	13380
701	10466
701	14036
701	2140
701	13793
701	13419
701	12196
701	4960
701	14265
701	10866
701	10530
701	9269
701	8012
701	12062
701	11233
701	13534
701	13568
701	11908
701	13830
701	14075
701	13532
701	13599
701	6544
701	13762
701	13626
701	10884
701	11035
701	13614
701	11550
701	14330
701	13457
701	13593
701	4323
701	13586
701	13445
701	13740
701	10461
701	7042
701	10571
701	10431
701	13812
701	11319
701	13952
701	14037
701	14219
701	14067
701	14506
701	13765
701	12184
701	13837
701	11473
701	13896
701	11849
701	10334
701	13887
701	14114
701	11588
701	14051
701	13976
701	8182
701	14034
701	13931
701	10477
701	14063
701	11952
701	13511
701	13967
701	14196
701	14039
701	13927
701	4286
701	14047
701	14133
701	14299
701	14279
701	14329
701	14127
701	3495
701	11527
701	13393
701	14143
701	14205
701	14154
701	12144
701	14124
701	6371
701	14194
701	14507
701	13916
701	13883
701	13983
701	10760
701	14290
701	10916
701	6521
701	11653
701	14244
701	4544
701	14352
701	10913
701	6938
701	3356
701	5737
701	6225
701	6223
701	6226
701	10424
701	10826
701	10828
701	6224
701	10832
701	10827
701	10825
701	6227
701	10833
701	10383
701	11225
701	14237
701	14195
701	3967
701	3742
701	3384
701	10514
701	6347
701	5056
701	10912
701	3914
701	5003
701	5050
701	3932
701	46
701	9010
701	17
701	3739
701	101
701	549
701	297
701	81
701	1744
701	600
701	10437
701	200
701	3557
701	559
701	7474
701	6912
701	5650
701	577
701	3479
701	3701
701	111
701	1785
701	1760
701	6381
701	7281
701	5646
701	49
701	11030
701	7515
701	2150
701	6385
701	3850
701	11964
701	1832
701	2901
701	1982
701	6071
701	4648
701	7435
701	8175
701	8061
701	7893
701	13784
701	3680
701	4911
701	13326
701	7362
701	7792
701	11784
701	557
701	2711
701	3563
701	646
701	6597
701	7360
701	11094
701	7430
701	140
701	8070
701	715
701	2853
701	4231
701	6091
701	4565
701	2648
701	6380
701	2899
701	10754
701	6503
701	4722
701	4694
701	2516
701	4637
701	2551
701	14298
701	10680
701	14486
701	2712
701	11355
701	10487
701	6437
701	5693
701	8158
701	6431
701	5106
701	6913
701	11418
701	5977
701	6423
701	10506
701	10564
701	6261
701	7355
701	10831
701	14325
701	12228
701	1280
701	2379
701	11079
701	3803
701	6197
701	5486
701	11829
701	11855
701	6629
701	1746
701	10368
701	11010
701	690
701	1830
701	12025
701	3407
701	13588
701	1691
701	11554
701	5713
701	3614
701	5645
701	4587
701	7862
701	5049
701	2697
701	10933
701	2003
701	5076
701	6104
701	11011
701	10849
701	7301
701	6395
701	11939
701	109
701	6066
701	3378
701	7726
701	4500
701	6181
701	10695
701	6429
701	12018
701	13633
701	7809
701	10857
701	7795
701	6130
701	6419
701	2015
701	7764
701	4540
701	5752
701	6065
701	11866
701	3820
701	3831
701	5763
701	4195
701	10655
701	5000
701	4566
701	4183
701	8750
701	3955
701	8105
701	4230
701	5647
701	10440
701	5778
701	8551
701	4151
701	10967
701	2041
701	11649
701	11552
701	14120
701	5533
701	1666
701	1668
701	1294
701	3799
701	7762
701	11286
701	8060
701	4314
701	6619
701	10499
701	11494
701	3816
701	7087
701	11648
701	10249
701	7617
701	10853
701	5683
701	6554
701	4006
701	6386
701	8048
701	6716
701	7358
701	2052
701	11892
701	7253
701	8188
701	7115
701	10805
701	6948
701	5939
701	2749
701	11911
701	7876
701	11027
701	8006
701	2011
701	7152
701	10457
701	10615
701	6582
701	6949
701	8156
701	6319
701	3462
701	5097
701	3741
701	14032
701	4583
701	3593
702	701
702	1849
702	286
702	1270
702	1755
702	4000
702	8404
702	3333
702	3259
702	3300
702	9027
702	12715
702	705
702	12479
702	5430
702	6747
702	6696
702	1890
702	5378
702	2822
702	9055
702	2917
702	6813
702	5400
702	5089
702	1759
702	2603
702	1653
702	1103
702	1257
702	3228
702	5556
702	3917
702	9035
702	6730
702	3336
702	5377
702	5590
702	109
702	1267
702	12797
702	8542
702	8243
702	8914
702	5603
702	3615
703	701
703	2497
703	4716
703	4158
703	9502
703	9366
705	701
705	702
705	1890
705	3493
705	816
714	10911
714	12179
715	701
715	3561
715	1239
715	3557
715	2828
715	6461
715	13442
715	11123
715	11076
715	4432
715	1740
715	11747
715	8046
719	3336
719	790
721	1455
721	568
721	1503
721	721
721	400
721	255
721	424
721	497
721	89
721	1451
721	1597
721	745
721	3561
721	174
721	1460
721	1464
721	999
721	1462
721	1527
721	1452
721	1598
721	5972
721	1499
721	637
721	422
721	1475
721	1476
721	1471
721	1727
721	1477
721	5961
721	1483
721	5180
721	1491
721	1533
721	1489
721	145
721	1484
721	1505
721	1494
721	1485
721	1459
721	1488
721	272
721	4123
721	1480
721	222
721	1492
721	1474
721	467
721	5264
721	6000
721	1521
721	1472
721	1504
721	1482
721	398
721	1317
721	1874
721	5939
721	1466
721	412
721	2749
724	619
724	568
724	227
724	1649
724	1637
724	747
724	1602
724	1600
724	1727
745	1461
745	721
747	724
760	1853
760	2494
762	3356
763	1
766	8933
766	766
766	6813
772	1733
775	1309
776	2200
777	1309
781	2200
786	8933
786	5459
786	6453
786	1849
786	7
789	513
789	2200
790	286
790	719
797	5646
800	577
802	549
803	6509
803	1239
803	577
808	549
813	816
814	815
814	701
814	6327
814	9269
814	3602
815	6327
815	814
815	816
816	6327
816	3493
816	815
816	3602
816	701
816	7992
816	12021
816	7398
816	14472
816	705
816	14078
816	6401
816	11085
816	813
816	818
816	10329
816	6407
816	6183
816	7794
816	5688
816	12226
818	6509
818	816
852	6327
852	1691
852	701
852	1239
852	10482
852	3359
852	6509
852	7861
852	11257
852	6638
854	11260
854	577
854	8111
855	611
855	577
855	11998
999	721
1103	7170
1103	3333
1103	145
1103	9057
1103	11537
1103	8933
1103	5594
1103	1136
1103	6453
1103	293
1103	6509
1103	10764
1103	6200
1103	103
1103	702
1103	5413
1103	2907
1103	288
1103	7610
1113	1853
1114	1853
1117	1853
1136	1103
1136	1136
1136	286
1136	9065
1201	145
1201	7066
1201	7192
1205	1853
1206	145
1206	5050
1213	8933
1213	9010
1220	3549
1221	5727
1221	2914
1221	3561
1221	2828
1221	4740
1221	4763
1221	1221
1221	9650
1221	2764
1221	6453
1221	4742
1221	7475
1221	9555
1221	4739
1221	4807
1224	145
1224	1225
1224	38
1225	701
1225	267
1225	2914
1225	1325
1225	13997
1225	1225
1225	6164
1225	38
1225	1224
1225	4595
1225	10792
1226	3561
1227	195
1236	1
1236	1740
1237	3786
1237	1781
1237	7623
1239	701
1239	1
1239	7018
1239	1800
1239	568
1239	2497
1239	2685
1239	1740
1239	5006
1239	3356
1239	3561
1239	209
1239	1673
1239	293
1239	2828
1239	6347
1239	11354
1239	11359
1239	4550
1239	8074
1239	11508
1239	6453
1239	13578
1239	6580
1239	13815
1239	11107
1239	5650
1239	6443
1239	11400
1239	12156
1239	14021
1239	13488
1239	13707
1239	11101
1239	6082
1239	2914
1239	7743
1239	13572
1239	11169
1239	8079
1239	10911
1239	12179
1239	3491
1239	6172
1239	11213
1239	1785
1239	10994
1239	4323
1239	8052
1239	10643
1239	7843
1239	3602
1239	1239
1239	852
1239	11492
1239	12015
1239	1755
1239	11690
1239	12097
1239	6128
1239	5769
1239	577
1239	3847
1239	2548
1239	10771
1239	14155
1239	4231
1239	6467
1239	10609
1239	7997
1239	5696
1239	174
1239	5646
1239	2856
1239	4005
1239	7823
1239	5511
1239	4565
1239	4134
1239	5594
1239	6461
1239	3549
1239	1833
1239	3967
1239	2529
1239	4000
1239	6762
1239	11331
1239	8210
1239	3320
1239	6755
1239	13516
1239	13894
1239	81
1239	11403
1239	11853
1239	13329
1239	13454
1239	11854
1239	11530
1239	8119
1239	13638
1239	13624
1239	13399
1239	13379
1239	14036
1239	13419
1239	10910
1239	6367
1239	13568
1239	10912
1239	14330
1239	13586
1239	13445
1239	10461
1239	3850
1239	10334
1239	13887
1239	10913
1239	2379
1239	14329
1239	11527
1239	14124
1239	14244
1239	6138
1239	13404
1239	10612
1239	7138
1239	11653
1239	4999
1239	5676
1239	5674
1239	5678
1239	5677
1239	5675
1239	4200
1239	5737
1239	6225
1239	6223
1239	6226
1239	10826
1239	10828
1239	11104
1239	6224
1239	10832
1239	10827
1239	10825
1239	10833
1239	11225
1239	3951
1239	3742
1239	10514
1239	7066
1239	10726
1239	600
1239	6993
1239	3831
1239	5050
1239	2711
1239	7170
1239	3463
1239	6922
1239	4637
1239	101
1239	297
1239	3912
1239	4766
1239	3450
1239	3447
1239	7189
1239	2572
1239	1760
1239	803
1239	2150
1239	7212
1239	4191
1239	4544
1239	11317
1239	4540
1239	3404
1239	4648
1239	2966
1239	4694
1239	3563
1239	8043
1239	7132
1239	10770
1239	613
1239	6597
1239	1767
1239	8070
1239	2516
1239	715
1239	3292
1239	3851
1239	1790
1239	5661
1239	11424
1239	4373
1239	2899
1239	8151
1239	4722
1239	2551
1239	14298
1239	668
1239	10487
1239	5786
1239	3764
1239	3714
1239	6325
1239	11003
1239	1757
1239	6494
1239	2918
1239	6222
1239	10899
1239	11855
1239	3462
1239	1746
1239	11010
1239	3828
1239	3749
1239	5056
1239	3614
1239	5645
1239	10977
1239	10933
1239	7228
1239	11011
1239	109
1239	10430
1239	6181
1239	2563
1239	11536
1239	6113
1239	238
1239	6332
1239	2933
1239	8105
1239	10440
1239	5778
1239	7222
1239	7292
1239	7291
1239	7293
1239	10774
1239	6334
1239	12031
1239	3846
1239	10384
1239	11177
1239	1668
1239	13718
1239	2041
1239	2277
1239	4924
1239	3816
1239	10853
1239	7258
1239	4006
1239	10921
1239	1787
1239	8048
1239	6413
1239	4471
1239	13859
1239	4327
1239	7253
1239	11198
1239	7497
1239	7115
1239	7876
1239	3132
1239	4538
1239	13869
1239	6127
1239	5097
1239	11828
1239	3593
1241	8522
1241	1241
1241	3561
1241	5486
1242	7170
1248	5556
1249	145
1249	3561
1251	3561
1257	5492
1257	1755
1257	1800
1257	2863
1257	702
1257	2603
1257	2120
1257	6553
1260	7170
1263	5058
1263	297
1267	5378
1267	8297
1267	6734
1267	3209
1267	1267
1267	3302
1267	12465
1267	702
1267	2594
1270	6805
1270	702
1270	5409
1270	553
1270	6900
1270	12331
1270	3209
1270	12291
1270	12292
1273	6805
1273	1800
1273	12337
1273	3333
1273	5409
1273	1755
1273	5459
1273	1849
1273	5413
1273	3300
1273	8793
1273	2861
1273	6553
1275	6878
1275	293
1275	8933
1275	1275
1275	9010
1275	3561
1275	553
1275	8365
1275	1754
1275	5520
1275	3209
1275	12349
1275	9020
1275	8756
1280	3951
1280	701
1290	8355
1290	5459
1290	286
1290	1849
1290	174
1290	5413
1290	1889
1290	12471
1290	12596
1290	12349
1294	701
1294	1294
1294	174
1299	3301
1299	1755
1299	1833
1299	5459
1299	1849
1299	5413
1299	8342
1299	2603
1299	6793
1299	3307
1299	5401
1299	2118
1299	8308
1299	6727
1300	2200
1303	1309
1304	2200
1305	2200
1305	1713
1307	1309
1309	775
1309	1717
1309	2269
1309	1303
1309	777
1309	2062
1309	1307
1309	1708
1311	1
1312	145
1312	7066
1317	721
1322	1335
1322	1673
1323	1673
1323	690
1324	1673
1325	1673
1325	1225
1325	10884
1325	1757
1325	3549
1326	3799
1326	1673
1327	1673
1327	7301
1330	1657
1330	1673
1334	3912
1334	1673
1334	3388
1334	377
1335	11563
1335	1322
1342	5515
1351	7018
1351	7843
1451	721
1452	721
1453	7170
1455	7170
1455	721
1456	7170
1459	721
1460	721
1461	745
1462	721
1464	721
1466	721
1471	721
1472	721
1474	721
1475	721
1476	721
1477	721
1480	721
1482	721
1483	721
1484	721
1485	7170
1485	721
1488	721
1489	721
1491	721
1492	721
1494	721
1499	721
1503	7170
1503	721
1504	721
1505	721
1521	721
1527	721
1533	721
1556	1913
1559	1913
1562	1913
1564	1913
1569	1913
1580	1913
1589	1913
1590	1913
1591	209
1591	5972
1597	721
1598	721
1600	724
1602	724
1637	724
1649	724
1653	2841
1653	2603
1653	702
1653	2846
1653	2843
1653	2834
1653	12384
1653	3220
1653	2833
1653	5378
1653	2831
1653	2842
1653	2836
1653	5601
1653	2839
1653	9088
1653	2837
1655	7170
1657	3714
1657	1657
1657	1330
1659	7018
1666	1682
1666	701
1666	1668
1666	1673
1667	6805
1667	1673
1668	2056
1668	209
1668	1666
1668	1
1668	701
1668	7018
1668	1239
1668	2828
1668	1673
1673	701
1673	1325
1673	1
1673	1239
1673	3561
1673	1322
1673	1327
1673	1667
1673	1334
1673	174
1673	1330
1673	1323
1673	1324
1673	1666
1673	1668
1673	1326
1675	1677
1677	690
1677	1675
1680	701
1680	6453
1682	1666
1691	852
1691	1
1691	7189
1691	701
1691	3561
1706	11537
1706	209
1706	145
1708	1309
1713	1305
1716	2200
1717	1309
1717	2200
1719	2200
1720	2200
1727	5976
1727	721
1727	724
1729	3301
1733	772
1733	568
1739	1741
1740	7018
1740	701
1740	1239
1740	13540
1740	286
1740	1
1740	293
1740	2497
1740	2828
1740	11560
1740	196
1740	13436
1740	6172
1740	5727
1740	10311
1740	11955
1740	209
1740	2685
1740	7377
1740	2914
1740	1800
1740	5413
1740	2855
1740	11795
1740	10484
1740	11627
1740	8119
1740	10334
1740	4266
1740	5050
1740	10455
1740	101
1740	226
1740	88
1740	11078
1740	11030
1740	1832
1740	700
1740	3680
1740	11094
1740	195
1740	14486
1740	2568
1740	10506
1740	2715
1740	9264
1740	7657
1740	6104
1740	4540
1740	4263
1740	10967
1740	11687
1740	1236
1740	715
1740	11188
1740	2024
1740	7358
1740	8188
1740	4179
1740	10666
1741	3343
1741	2603
1741	565
1741	1739
1742	145
1742	1742
1742	13315
1742	7018
1744	701
1746	2532
1746	286
1746	2914
1746	1
1746	2497
1746	293
1746	1746
1746	3561
1746	7018
1746	1239
1746	701
1746	2828
1746	2274
1754	1275
1755	701
1755	1800
1755	2686
1755	6461
1755	2914
1755	286
1755	6830
1755	1239
1755	3300
1755	174
1755	5400
1755	8938
1755	2603
1755	702
1755	5388
1755	5511
1755	6774
1755	1299
1755	3333
1755	8437
1755	5430
1755	2529
1755	8210
1755	5413
1755	5424
1755	1273
1755	517
1755	1755
1755	9057
1755	5588
1755	5578
1755	2607
1755	8472
1755	8918
1755	5607
1755	6730
1755	1853
1755	1257
1755	3228
1755	6905
1755	1759
1755	5669
1755	5551
1755	1889
1755	5539
1755	3336
1755	5377
1755	8220
1755	2852
1755	8228
1755	6754
1755	4269
1755	8246
1755	5621
1755	6745
1755	2108
1757	7018
1757	1325
1757	1239
1759	702
1759	8348
1759	5515
1759	5378
1759	2603
1759	1759
1759	1755
1759	5413
1759	5590
1759	5574
1760	4983
1760	701
1760	1239
1760	4544
1761	6922
1763	7018
1767	6402
1767	1767
1767	1239
1767	3561
1767	10680
1767	7018
1776	1853
1776	1901
1778	3146
1778	3491
1781	7622
1781	1237
1784	6082
1784	1784
1784	3549
1784	11034
1785	11351
1785	1239
1785	7931
1785	14
1785	26
1785	701
1785	4017
1785	5719
1785	43
1785	6074
1785	11529
1785	3820
1785	5647
1787	1239
1787	6347
1790	1239
1798	3701
1798	2914
1800	1
1800	1755
1800	1239
1800	568
1800	2548
1800	293
1800	3561
1800	701
1800	5696
1800	1740
1800	1273
1800	5511
1800	2497
1800	668
1800	297
1800	1257
1800	1800
1800	2551
1800	2027
1800	286
1829	2901
1829	293
1830	1
1830	701
1831	6332
1832	11537
1832	701
1832	1740
1833	1299
1833	2914
1833	1
1833	1833
1833	701
1833	3561
1833	7018
1833	1239
1833	14011
1833	4200
1833	3303
1833	3209
1835	2603
1836	8404
1836	286
1836	2612
1840	3632
1841	9126
1842	297
1842	293
1842	209
1843	297
1849	702
1849	2686
1849	5388
1849	5378
1849	1290
1849	2856
1849	1299
1849	2529
1849	5551
1849	5413
1849	5459
1849	1273
1849	8297
1849	3257
1849	5409
1849	3320
1849	5089
1849	786
1849	2830
1849	5669
1849	6725
1849	2571
1849	3328
1849	7734
1849	5621
1849	12596
1849	5607
1849	8718
1849	6745
1850	2603
1850	6453
1852	131
1852	3967
1852	6192
1852	299
1852	25
1852	6106
1853	679
1853	8933
1853	1113
1853	1755
1853	760
1853	1776
1853	1205
1853	6720
1853	1117
1853	1114
1853	2036
1853	8692
1872	2828
1872	7018
1874	721
1887	8501
1887	1887
1887	2603
1887	8970
1889	3300
1889	286
1889	1290
1889	2917
1889	5551
1889	1755
1890	705
1890	702
1890	3333
1890	5413
1890	3917
1890	8588
1890	9065
1891	286
1899	5378
1899	286
1899	12765
1899	8746
1901	8387
1901	286
1901	1776
1913	1590
1913	568
1913	1589
1913	1564
1913	1556
1913	1562
1913	1580
1913	1569
1913	1559
1913	5256
1916	3561
1922	2607
1930	8933
1930	9010
1930	5516
1930	8609
1932	174
1932	3549
1938	2200
1939	2200
1940	2200
1942	2200
1942	2063
1955	2012
1955	8933
1955	9010
1955	3314
1955	2547
1955	6711
1967	9121
1967	8517
1968	7018
1968	3561
1970	6922
1982	5696
1982	701
1998	5006
2003	701
2011	701
2012	1955
2015	6259
2015	701
2015	6347
2018	11569
2024	1740
2024	1
2027	2027
2027	7927
2027	10530
2027	4005
2027	1800
2033	4969
2036	1853
2041	10754
2041	2497
2041	7018
2041	2828
2041	3789
2041	6660
2041	2914
2041	293
2041	3561
2041	701
2041	1
2041	1239
2041	3110
2042	5727
2042	6453
2042	4774
2048	7893
2052	701
2055	13504
2055	7893
2056	1668
2060	2200
2062	1309
2063	1942
2107	8933
2107	9010
2108	1755
2108	5391
2110	3615
2110	286
2110	5459
2116	286
2118	1299
2118	8342
2119	8210
2120	1257
2140	701
2146	6453
2150	5673
2150	2150
2150	1239
2150	701
2150	10294
2200	1717
2200	8933
2200	5511
2200	1938
2200	1942
2200	1719
2200	2259
2200	1305
2200	1304
2200	1300
2200	2418
2200	789
2200	1720
2200	2060
2200	776
2200	1939
2200	1940
2200	2237
2200	781
2200	1716
2200	2236
2236	2200
2237	2200
2259	2200
2269	1309
2274	1746
2277	1239
2277	10530
2277	11377
2379	1239
2379	701
2381	3128
2381	5646
2381	7050
2381	3136
2386	7018
2418	2200
2493	11290
2493	174
2493	10329
2494	760
2495	2701
2495	11317
2495	2496
2495	2914
2495	2495
2496	11317
2496	2495
2497	701
2497	1
2497	1239
2497	2914
2497	6461
2497	2548
2497	3561
2497	5696
2497	1740
2497	3549
2497	2915
2497	33
2497	3356
2497	3847
2497	4565
2497	2554
2497	286
2497	3300
2497	4774
2497	3967
2497	4000
2497	3257
2497	3320
2497	1800
2497	703
2497	3951
2497	2828
2497	293
2497	3932
2497	297
2497	4713
2497	2500
2497	2907
2497	3563
2497	2497
2497	2041
2497	7501
2497	2513
2497	2498
2497	4716
2497	7679
2497	4725
2497	7531
2497	7518
2497	2521
2497	2516
2497	2514
2497	2526
2497	2527
2497	4732
2497	2519
2497	4682
2497	2518
2497	4673
2497	2510
2497	5669
2497	2551
2497	4704
2497	1746
2497	109
2497	6066
2497	6395
2497	5000
2497	4183
2497	7516
2497	4678
2497	2687
2497	4702
2497	4006
2497	4680
2497	7811
2497	6553
2497	7685
2498	2907
2498	2497
2500	2907
2500	2497
2500	2501
2500	7660
2500	9367
2500	2516
2500	4730
2500	2506
2500	4459
2501	2907
2501	2500
2503	2907
2503	2503
2503	4725
2504	2907
2504	4730
2504	2504
2504	7501
2505	2907
2505	293
2506	2907
2506	2500
2506	2523
2508	2907
2510	4694
2510	12274
2510	7515
2510	2497
2510	7502
2511	1
2511	173
2512	7518
2512	2512
2512	4725
2513	2516
2513	7660
2513	2497
2513	4729
2513	3488
2513	2513
2513	9355
2513	3510
2514	9362
2514	4694
2514	2516
2514	7515
2514	2497
2516	2521
2516	286
2516	6453
2516	2828
2516	2915
2516	3561
2516	2500
2516	2914
2516	1239
2516	2513
2516	7679
2516	4459
2516	4716
2516	4725
2516	7501
2516	6660
2516	7518
2516	9362
2516	4703
2516	701
2516	2497
2516	2514
2516	2516
2516	2527
2516	4732
2516	2519
2516	4673
2516	4702
2516	4704
2516	4761
2516	4678
2518	4689
2518	2518
2518	7515
2518	4694
2518	2497
2519	2516
2519	2497
2520	2907
2521	2554
2521	2516
2521	9362
2521	174
2521	2521
2521	2497
2521	4702
2521	4716
2523	2506
2526	2497
2527	4774
2527	2527
2527	2516
2527	2497
2529	5417
2529	3967
2529	1239
2529	5459
2529	1849
2529	1755
2529	5564
2529	6461
2532	1746
2534	3549
2546	5408
2547	1955
2548	11397
2548	286
2548	1
2548	293
2548	2497
2548	2828
2548	1800
2548	11235
2548	701
2548	3561
2548	13758
2548	8079
2548	10994
2548	10796
2548	2914
2548	4323
2548	12097
2548	6660
2548	6128
2548	7018
2548	11461
2548	1239
2548	7908
2548	12041
2548	12054
2548	11132
2548	11163
2548	11211
2548	13335
2548	13380
2548	12019
2548	14219
2548	13896
2548	14034
2548	5737
2548	6223
2548	10424
2548	10826
2548	10828
2548	11104
2548	10825
2548	11226
2548	10827
2548	10383
2548	27
2548	77
2548	7291
2548	3356
2548	13998
2548	11261
2548	4911
2548	6059
2548	4010
2548	7132
2548	11363
2548	11569
2548	10831
2548	7734
2548	5049
2548	7293
2548	9000
2548	6181
2548	7968
2548	6130
2548	4958
2548	10399
2548	6640
2548	11396
2548	3799
2548	10737
2548	7115
2548	10805
2548	10960
2548	109
2548	7754
2548	3104
2548	11731
2549	6503
2551	13378
2551	2828
2551	286
2551	2914
2551	1
2551	293
2551	3561
2551	2497
2551	7018
2551	1239
2551	701
2551	1800
2552	145
2553	6912
2553	3506
2553	3447
2554	2521
2554	2497
2554	174
2554	4058
2563	9488
2563	6453
2563	1239
2563	9452
2563	3813
2568	3356
2568	2914
2568	1740
2568	2568
2568	3967
2571	1849
2572	145
2572	1239
2572	7018
2572	3390
2578	2895
2578	3561
2588	5377
2588	7138
2588	6747
2593	6664
2594	1267
2602	8933
2602	9010
2602	6661
2603	1755
2603	8933
2603	1299
2603	1741
2603	224
2603	6453
2603	293
2603	702
2603	1653
2603	1257
2603	5378
2603	1850
2603	1835
2603	1759
2603	5377
2603	1887
2607	9187
2607	1755
2607	1922
2610	5603
2611	8933
2611	2611
2611	9010
2611	8918
2611	5413
2612	1836
2614	2614
2614	5377
2614	11042
2637	1
2637	10490
2640	293
2641	195
2647	7176
2647	701
2648	701
2652	6463
2652	2652
2652	577
2652	2659
2659	2652
2683	8756
2683	2683
2683	5568
2685	2686
2685	2914
2685	1
2685	293
2685	3561
2685	7018
2685	1239
2685	2828
2685	5673
2685	286
2685	701
2685	1740
2685	5676
2685	5681
2685	5679
2685	5674
2685	5678
2685	5677
2685	5680
2685	7288
2685	5675
2685	209
2685	2687
2686	5409
2686	3333
2686	2685
2686	5459
2686	1849
2686	1755
2686	679
2686	3339
2687	2685
2687	4662
2687	2497
2697	701
2697	4755
2698	145
2698	6122
2701	11317
2701	2495
2706	4637
2707	3561
2711	2711
2711	209
2711	1239
2711	8175
2711	701
2711	2939
2712	701
2714	1
2715	1740
2749	701
2749	721
2764	7474
2764	2764
2764	1221
2767	11522
2767	7018
2767	12021
2767	11260
2767	8160
2767	7992
2767	11257
2767	6537
2767	6183
2767	7734
2822	702
2828	701
2828	1
2828	7018
2828	2685
2828	5006
2828	4200
2828	6461
2828	2548
2828	1239
2828	5696
2828	1740
2828	6453
2828	5673
2828	5650
2828	4908
2828	2914
2828	3557
2828	6172
2828	7922
2828	3356
2828	209
2828	5413
2828	6259
2828	1221
2828	3847
2828	174
2828	4565
2828	6660
2828	237
2828	32
2828	2516
2828	5646
2828	226
2828	4550
2828	286
2828	3300
2828	5511
2828	3549
2828	3967
2828	3856
2828	3320
2828	2917
2828	3257
2828	2551
2828	3951
2828	6402
2828	4323
2828	7911
2828	2497
2828	293
2828	3491
2828	3914
2828	8175
2828	7473
2828	297
2828	3786
2828	378
2828	513
2828	600
2828	3066
2828	6200
2828	4694
2828	5727
2828	103
2828	3561
2828	4768
2828	3563
2828	683
2828	715
2828	2041
2828	4637
2828	5669
2828	6467
2828	4544
2828	6082
2828	5693
2828	6716
2828	3840
2828	6261
2828	6079
2828	1872
2828	1746
2828	3407
2828	6066
2828	4183
2828	6395
2828	4540
2828	5000
2828	3789
2828	1668
2828	4006
2828	7960
2828	5097
2830	1849
2831	1653
2833	1653
2834	1653
2836	1653
2837	1653
2839	1653
2841	1653
2842	1653
2843	1653
2846	1653
2852	1755
2852	9010
2853	5515
2853	701
2853	5574
2855	5400
2855	1740
2856	5378
2856	3561
2856	1239
2856	5459
2856	1849
2856	5400
2856	1
2856	9057
2856	2856
2856	5413
2856	8743
2856	701
2856	6870
2856	8435
2856	5713
2856	8718
2856	6553
2861	1273
2863	1257
2863	5459
2863	5413
2871	5378
2871	7176
2871	5459
2871	8792
2874	5378
2874	4000
2874	8702
2875	5568
2895	5568
2895	2578
2899	701
2899	1239
2899	2899
2899	3561
2899	10702
2899	5650
2899	11252
2900	11537
2900	5696
2900	4211
2901	701
2901	1829
2901	209
2902	11537
2905	6187
2905	2914
2905	2905
2905	6453
2905	11645
2907	2503
2907	1103
2907	6453
2907	8933
2907	2500
2907	2504
2907	2497
2907	2501
2907	2505
2907	4730
2907	2508
2907	2498
2907	2506
2907	2520
2914	701
2914	1
2914	1225
2914	234
2914	7170
2914	2685
2914	7018
2914	2497
2914	7806
2914	286
2914	293
2914	1755
2914	11874
2914	3561
2914	1239
2914	2828
2914	3557
2914	12179
2914	3491
2914	6172
2914	237
2914	7922
2914	5650
2914	2548
2914	209
2914	6453
2914	7853
2914	3356
2914	6259
2914	4200
2914	1221
2914	3914
2914	174
2914	4565
2914	6467
2914	568
2914	1740
2914	4134
2914	6993
2914	6461
2914	3254
2914	1833
2914	3967
2914	3549
2914	6320
2914	5511
2914	4000
2914	5413
2914	3257
2914	5409
2914	3320
2914	2917
2914	5089
2914	11737
2914	11826
2914	12127
2914	11233
2914	13626
2914	14507
2914	5696
2914	7911
2914	13553
2914	10514
2914	3932
2914	114
2914	668
2914	7473
2914	73
2914	297
2914	88
2914	3701
2914	3582
2914	3066
2914	3677
2914	11834
2914	7515
2914	11964
2914	11808
2914	103
2914	6481
2914	3786
2914	3563
2914	683
2914	6402
2914	8070
2914	2516
2914	11424
2914	11363
2914	4694
2914	5669
2914	2551
2914	4544
2914	10487
2914	6082
2914	2568
2914	6716
2914	6261
2914	2905
2914	7773
2914	7774
2914	13636
2914	3951
2914	13462
2914	1746
2914	6079
2914	3407
2914	7599
2914	3976
2914	6395
2914	6066
2914	4355
2914	4540
2914	3384
2914	5000
2914	4183
2914	3807
2914	2041
2914	13476
2914	2495
2914	4222
2914	4006
2914	8159
2914	1798
2914	6745
2914	11956
2914	4912
2915	2497
2915	151
2915	5727
2915	2915
2915	2516
2915	4680
2917	5511
2917	2914
2917	293
2917	5459
2917	702
2917	2828
2917	8908
2917	12645
2917	8874
2917	6660
2917	2917
2917	701
2917	5436
2917	1889
2917	12765
2917	8746
2917	9159
2917	9057
2918	7018
2918	2918
2918	1239
2933	13374
2933	2933
2933	10399
2933	1239
2933	10470
2939	2711
2966	428
2966	1239
3066	6461
3066	2914
3066	2828
3104	2548
3110	2041
3112	159
3112	11537
3112	600
3112	11050
3126	701
3126	3126
3126	1
3128	145
3128	2381
3128	293
3132	10530
3132	3132
3132	1239
3136	2381
3146	1778
3152	293
3209	6900
3209	1
3209	1833
3209	8297
3209	3211
3209	1275
3209	1270
3209	1267
3211	3209
3215	5511
3215	4000
3215	8874
3215	12395
3215	8677
3220	1653
3220	286
3228	702
3228	1755
3242	3242
3242	9035
3242	9034
3254	8192
3254	2914
3257	3333
3257	701
3257	293
3257	3257
3257	3561
3257	5459
3257	2914
3257	7018
3257	1849
3257	2497
3257	5392
3257	1
3257	2828
3257	8792
3257	12422
3257	8862
3257	8602
3259	8999
3259	702
3259	8964
3259	12645
3259	3917
3259	12395
3259	10806
3259	8677
3260	6799
3267	8623
3267	3343
3269	6664
3292	6774
3292	3292
3292	3561
3292	6730
3292	8650
3292	3333
3292	1
3292	5459
3292	1239
3292	5556
3292	5413
3292	6834
3292	5624
3292	12633
3300	5378
3300	1755
3300	6805
3300	8938
3300	701
3300	7018
3300	2497
3300	2828
3300	3305
3300	3333
3300	702
3300	8196
3300	3300
3300	5620
3300	5427
3300	6762
3300	3304
3300	6705
3300	1273
3300	5089
3300	8933
3300	1889
3300	5539
3300	6829
3300	6799
3300	6661
3300	3352
3300	5417
3300	6754
3300	6772
3300	5466
3301	1299
3301	1729
3302	286
3302	1267
3303	8237
3303	8437
3303	1
3303	9177
3303	1833
3303	3303
3303	12511
3303	8843
3303	9042
3303	6772
3303	9044
3303	8477
3303	6553
3304	6696
3304	286
3304	3300
3305	3300
3305	8964
3305	8527
3305	72
3307	1299
3307	5619
3313	7176
3314	1955
3316	5568
3316	8370
3316	8342
3320	3333
3320	2914
3320	1239
3320	293
3320	5459
3320	7018
3320	2497
3320	1849
3320	2828
3320	8593
3320	5483
3320	8303
3320	12291
3320	4000
3320	13530
3323	5408
3328	5378
3328	6716
3328	5459
3328	1849
3333	286
3333	6905
3333	1103
3333	2686
3333	5378
3333	9057
3333	8209
3333	8651
3333	6805
3333	7176
3333	5511
3333	702
3333	3300
3333	1755
3333	5417
3333	8210
3333	8220
3333	8608
3333	8918
3333	1890
3333	1273
3333	3257
3333	3320
3333	5400
3333	8251
3333	5583
3333	5413
3333	3292
3333	9193
3333	5590
3333	5399
3335	5568
3336	719
3336	5378
3336	3336
3336	702
3336	1755
3339	12818
3339	2686
3343	3267
3343	1741
3352	5409
3352	6813
3352	3352
3352	3300
3354	18
3354	293
3354	6922
3356	4969
3356	3356
3356	1239
3356	11213
3356	9057
3356	7922
3356	3703
3356	2828
3356	1
3356	3561
3356	2914
3356	7018
3356	8092
3356	293
3356	2497
3356	5594
3356	8220
3356	13380
3356	10461
3356	6347
3356	6938
3356	14355
3356	286
3356	701
3356	14313
3356	14215
3356	8010
3356	6921
3356	12210
3356	3786
3356	2548
3356	209
3356	762
3356	10487
3356	2568
3356	5650
3356	3951
3356	7960
3359	852
3360	5641
3360	3360
3360	701
3360	1
3363	3662
3368	3491
3369	3378
3378	3369
3378	701
3384	11778
3384	6660
3384	701
3384	6391
3384	2914
3388	3912
3388	145
3388	1334
3390	2572
3403	174
3404	3561
3404	1239
3404	1
3407	3857
3407	286
3407	2914
3407	293
3407	3561
3407	701
3407	2828
3426	137
3426	293
3428	293
3429	4729
3429	293
3447	2553
3447	1239
3447	3506
3448	7018
3449	4270
3450	10490
3450	209
3450	3450
3450	1
3450	50
3450	1239
3452	10490
3452	6983
3454	6503
3462	7535
3462	1239
3462	3462
3462	7018
3462	4782
3462	6461
3462	701
3463	1239
3463	7283
3463	3463
3463	5696
3464	6388
3479	701
3479	3479
3479	1
3479	10490
3484	6503
3484	8151
3488	2513
3491	5641
3491	1239
3491	2914
3491	7922
3491	6660
3491	4550
3491	11403
3491	701
3491	286
3491	1
3491	293
3491	3561
3491	2828
3491	600
3491	3932
3491	1778
3491	6261
3491	6079
3491	237
3491	7985
3491	11551
3491	3368
3491	6319
3493	816
3493	701
3493	10261
3493	11290
3493	705
3493	376
3493	10354
3493	6407
3493	11742
3495	701
3495	1
3506	2553
3506	293
3506	3447
3508	4540
3508	3561
3510	7660
3510	2513
3512	3549
3520	37
3520	7170
3527	145
3527	1
3548	278
3549	5650
3549	2497
3549	8192
3549	286
3549	1
3549	3561
3549	293
3549	7018
3549	1239
3549	701
3549	2828
3549	8001
3549	2914
3549	5430
3549	6762
3549	6259
3549	12117
3549	10673
3549	13549
3549	11499
3549	11674
3549	11418
3549	11333
3549	1220
3549	1784
3549	2534
3549	6066
3549	3549
3549	1325
3549	4269
3549	1932
3549	6745
3549	6221
3549	7055
3549	5097
3549	3512
3557	33
3557	2914
3557	2828
3557	6461
3557	701
3557	715
3561	701
3561	1
3561	7018
3561	2685
3561	11277
3561	5006
3561	6461
3561	11895
3561	286
3561	2497
3561	1239
3561	11134
3561	293
3561	8047
3561	6337
3561	4129
3561	8143
3561	8074
3561	6347
3561	6507
3561	10726
3561	11589
3561	1673
3561	11857
3561	2548
3561	11906
3561	209
3561	11101
3561	13992
3561	3561
3561	4908
3561	5683
3561	2914
3561	6307
3561	13346
3561	12022
3561	10911
3561	12179
3561	6172
3561	11351
3561	1800
3561	11707
3561	7757
3561	11426
3561	13343
3561	10311
3561	10994
3561	10796
3561	11427
3561	11955
3561	12270
3561	3703
3561	11060
3561	7853
3561	11492
3561	7015
3561	3356
3561	6259
3561	13359
3561	1221
3561	577
3561	14155
3561	174
3561	6813
3561	4565
3561	6467
3561	568
3561	237
3561	5696
3561	2856
3561	4550
3561	6993
3561	5400
3561	3292
3561	3549
3561	1833
3561	3967
3561	8210
3561	3257
3561	6755
3561	11853
3561	13329
3561	11163
3561	11601
3561	12287
3561	13624
3561	3951
3561	13419
3561	14265
3561	10910
3561	10912
3561	13762
3561	11810
3561	10913
3561	4200
3561	3491
3561	6225
3561	3914
3561	11778
3561	10514
3561	5056
3561	600
3561	14215
3561	3831
3561	3932
3561	1275
3561	11423
3561	11422
3561	668
3561	4637
3561	2516
3561	52
3561	297
3561	3599
3561	1249
3561	513
3561	3701
3561	114
3561	5078
3561	167
3561	6081
3561	3404
3561	2707
3561	2828
3561	4694
3561	7474
3561	3563
3561	8043
3561	10326
3561	8070
3561	715
3561	7037
3561	5556
3561	4373
3561	2899
3561	6503
3561	4722
3561	12274
3561	721
3561	2551
3561	11252
3561	1226
3561	4293
3561	11418
3561	555
3561	5743
3561	6250
3561	11003
3561	3662
3561	11712
3561	1241
3561	1767
3561	11855
3561	1746
3561	4544
3561	6079
3561	7526
3561	3407
3561	4761
3561	3828
3561	1691
3561	1916
3561	1251
3561	3614
3561	5049
3561	4755
3561	5483
3561	7726
3561	7371
3561	7004
3561	1968
3561	10857
3561	6994
3561	2578
3561	6130
3561	8584
3561	6113
3561	3508
3561	7068
3561	11529
3561	278
3561	5000
3561	7435
3561	5617
3561	4230
3561	6306
3561	13376
3561	10840
3561	2041
3561	3846
3561	13718
3561	7127
3561	5713
3561	11302
3561	7820
3561	11183
3561	4926
3561	11648
3561	4057
3561	7258
3561	4006
3561	6163
3561	10966
3561	5466
3561	7960
3561	7253
3561	6221
3561	8400
3561	5391
3561	10545
3561	6582
3561	7283
3561	6127
3563	3561
3563	701
3563	293
3563	2497
3563	1239
3563	2914
3563	2828
3563	3563
3582	4600
3582	2914
3582	3701
3585	701
3585	7018
3593	701
3593	1239
3596	3632
3599	3561
3599	7018
3599	7260
3602	6327
3602	1239
3602	816
3602	5690
3602	6463
3602	5769
3602	12021
3602	7398
3602	684
3602	5071
3602	6638
3602	814
3602	6997
3602	3602
3602	5688
3603	3816
3603	7087
3608	7623
3608	3976
3608	7563
3608	9494
3608	3608
3614	3561
3614	701
3614	1
3614	7018
3614	1239
3614	209
3615	702
3615	2110
3632	1840
3632	6503
3632	3596
3640	6332
3661	3662
3662	3661
3662	3561
3662	4637
3662	3363
3662	4158
3662	4528
3662	4616
3662	4605
3669	5646
3669	7332
3671	293
3676	145
3676	3676
3676	3677
3676	6122
3677	3676
3677	2914
3680	701
3680	1740
3680	7018
3681	11537
3681	6198
3685	145
3685	11537
3701	4201
3701	701
3701	3561
3701	2914
3701	3582
3701	6366
3701	4222
3701	1798
3701	7396
3703	3356
3703	701
3703	3561
3714	1657
3714	1239
3714	10921
3714	13327
3737	7018
3737	4231
3737	6347
3739	37
3739	701
3739	84
3739	646
3739	5324
3741	7018
3741	701
3742	701
3742	1239
3748	3786
3748	4766
3749	3749
3749	1
3749	1239
3751	7911
3758	7472
3758	7473
3764	1239
3766	74
3766	6463
3784	4766
3786	9767
3786	3356
3786	9525
3786	2828
3786	6461
3786	293
3786	9634
3786	3748
3786	2914
3786	1237
3786	9691
3786	7564
3786	6068
3786	7561
3786	3813
3789	2041
3789	5646
3789	2828
3794	4557
3794	6922
3799	701
3799	3799
3799	2548
3799	1326
3803	701
3803	6079
3803	6249
3803	11281
3803	11034
3807	2914
3810	6332
3813	4766
3813	3786
3813	2563
3816	3603
3816	1239
3816	701
3820	1785
3820	701
3828	3561
3828	1239
3831	5003
3831	3561
3831	1239
3831	701
3839	4621
3840	4433
3840	2828
3840	4740
3846	3561
3846	1239
3847	6259
3847	1
3847	286
3847	2497
3847	1239
3847	7018
3847	2828
3847	3847
3847	701
3847	293
3850	13765
3850	1239
3850	701
3851	1239
3856	5409
3856	2828
3856	7170
3856	668
3857	4323
3857	3857
3857	7018
3857	3407
3857	10905
3912	3912
3912	1334
3912	3388
3912	1239
3914	11101
3914	6660
3914	2914
3914	3914
3914	3561
3914	13549
3914	286
3914	1
3914	701
3914	7018
3914	2828
3917	1890
3917	702
3917	3259
3932	34
3932	2914
3932	1
3932	3561
3932	2497
3932	7018
3932	3932
3932	701
3932	3491
3932	6660
3932	293
3935	10430
3951	13312
3951	3561
3951	2497
3951	2828
3951	209
3951	7018
3951	1239
3951	7192
3951	6350
3951	10719
3951	6995
3951	8114
3951	293
3951	4553
3951	3951
3951	2914
3951	1280
3951	11145
3951	8115
3951	8016
3951	7228
3951	11149
3951	7021
3951	3356
3951	286
3951	8017
3951	7193
3951	8112
3951	8113
3951	11148
3951	13662
3951	7127
3955	701
3967	8001
3967	6905
3967	2914
3967	1
3967	293
3967	3561
3967	8709
3967	1239
3967	2828
3967	2529
3967	2497
3967	7018
3967	701
3967	1852
3967	4766
3967	2568
3967	10805
3976	3608
3976	174
3976	2914
3976	4961
3976	8355
3996	6912
3996	8062
3996	3996
3996	6380
3999	145
3999	5050
4000	3215
4000	702
4000	6779
4000	2914
4000	1239
4000	293
4000	2497
4000	6852
4000	2874
4000	5459
4000	6719
4000	8269
4000	5378
4000	5583
4000	8284
4000	6897
4000	8335
4000	5511
4000	4000
4000	4689
4000	6187
4000	6873
4000	8584
4000	3320
4000	7927
4000	9304
4000	6505
4005	1239
4005	2027
4006	286
4006	2914
4006	1
4006	293
4006	2497
4006	3561
4006	7018
4006	1239
4006	701
4006	2828
4010	2548
4010	5650
4010	1
4010	4010
4017	1785
4057	3561
4058	151
4058	6461
4058	9502
4058	2554
4058	4058
4058	9584
4123	721
4129	7018
4129	4129
4129	3561
4130	5050
4130	145
4134	2914
4134	4134
4134	6993
4134	4774
4134	1239
4134	4808
4151	701
4151	6582
4158	3662
4158	703
4179	5676
4179	4179
4179	1740
4183	4355
4183	5621
4183	2828
4183	5686
4183	701
4183	293
4183	2497
4183	2914
4191	104
4191	1239
4193	10430
4195	701
4200	11383
4200	286
4200	1
4200	701
4200	2828
4200	4993
4200	2914
4200	11764
4200	6371
4200	7018
4200	1833
4200	293
4200	3561
4200	1239
4200	6467
4200	6601
4200	11712
4200	11042
4200	11908
4201	4600
4201	3701
4211	6226
4211	4211
4211	2900
4222	3701
4222	2914
4222	6377
4230	8167
4230	701
4230	3561
4230	6453
4230	10954
4231	3737
4231	1239
4231	701
4263	1740
4266	1740
4269	1755
4269	3549
4270	3449
4270	7303
4270	4270
4270	4926
4270	5692
4274	6453
4274	4274
4274	7018
4274	9486
4279	14291
4279	701
4286	701
4293	3561
4314	701
4323	11427
4323	2548
4323	1239
4323	13690
4323	701
4323	293
4323	4323
4323	2828
4323	3857
4323	5763
4327	1239
4355	1
4355	2914
4355	4183
4358	5696
4358	5646
4358	6081
4373	3561
4373	1239
4432	715
4433	3840
4433	7734
4433	4740
4459	2500
4459	2516
4471	1239
4493	6503
4493	6332
4500	701
4500	8043
4511	6198
4511	11095
4528	3662
4538	1239
4540	7037
4540	1239
4540	286
4540	2914
4540	1740
4540	293
4540	3508
4540	701
4540	2828
4544	7911
4544	7018
4544	1
4544	701
4544	286
4544	1239
4544	1760
4544	293
4544	2914
4544	2828
4544	3561
4547	174
4550	11937
4550	1
4550	4550
4550	1239
4550	3491
4550	3561
4550	2828
4550	293
4550	11796
4550	7820
4550	13847
4550	10758
4550	10905
4550	11183
4550	14009
4553	3951
4553	286
4554	226
4557	8
4557	145
4557	3794
4557	11537
4557	302
4557	7276
4565	13432
4565	286
4565	293
4565	3561
4565	2914
4565	7018
4565	2497
4565	2828
4565	7657
4565	1
4565	1239
4565	8918
4565	13532
4565	10461
4565	10441
4565	701
4565	13631
4565	7045
4565	13869
4565	6660
4566	701
4583	1
4583	701
4587	701
4592	701
4592	7018
4595	1225
4600	4201
4600	11537
4600	3582
4600	6366
4605	3662
4609	7582
4609	6453
4609	4637
4616	3662
4621	9411
4621	6453
4621	3839
4628	4657
4628	6453
4628	151
4628	4628
4628	4774
4628	9292
4637	151
4637	3561
4637	1239
4637	2706
4637	701
4637	2828
4637	3662
4637	4774
4637	7483
4637	9584
4637	4609
4637	72
4648	9325
4648	1
4648	4648
4648	701
4648	1239
4648	681
4648	9503
4657	151
4657	7473
4657	4628
4657	9292
4657	7634
4662	2687
4668	7561
4673	7515
4673	4673
4673	2516
4673	2497
4678	2516
4678	4694
4678	2497
4680	7526
4680	2497
4680	2915
4682	4700
4682	4689
4682	4722
4682	2497
4689	4682
4689	4000
4689	2518
4694	4713
4694	4694
4694	2828
4694	7501
4694	3561
4694	1239
4694	701
4694	7518
4694	2514
4694	4732
4694	2914
4694	2518
4694	2510
4694	4704
4694	4678
4694	173
4696	4703
4700	4682
4702	2516
4702	2521
4702	2497
4703	4696
4703	2516
4703	9366
4704	2516
4704	4694
4704	2497
4713	7515
4713	2497
4713	4713
4713	4694
4716	7514
4716	2497
4716	703
4716	4716
4716	2516
4716	7518
4716	7516
4716	2521
4722	4725
4722	3561
4722	701
4722	1239
4722	4682
4722	4722
4725	4722
4725	2497
4725	4725
4725	2516
4725	9362
4725	2512
4725	2503
4729	3429
4729	2513
4730	2504
4730	7660
4730	2907
4730	2500
4732	2497
4732	4694
4732	2516
4738	7474
4739	7657
4739	1221
4740	4740
4740	1221
4740	7474
4740	3840
4740	4433
4742	1221
4742	7474
4755	2697
4755	3561
4761	3561
4761	2516
4763	7714
4763	1221
4766	4766
4766	6461
4766	6453
4766	1239
4766	7018
4766	3967
4766	9525
4766	3748
4766	3784
4766	7564
4766	9489
4766	9494
4766	7561
4766	9452
4766	3813
4768	9433
4768	2828
4768	9431
4768	9432
4774	4134
4774	2497
4774	2527
4774	4628
4774	4637
4774	2042
4780	7018
4780	4780
4780	6461
4780	7535
4782	3462
4807	4807
4807	1221
4808	4134
4908	3561
4908	2828
4911	1
4911	701
4911	2548
4912	2914
4924	1239
4926	10318
4926	701
4926	4926
4926	6813
4926	4270
4926	3561
4926	7018
4926	7004
4926	11908
4926	5692
4958	6113
4958	2548
4960	701
4961	3976
4969	2033
4969	6461
4969	4969
4969	3356
4969	5641
4969	293
4969	9193
4969	11551
4969	7960
4969	11731
4983	1760
4983	4983
4989	6467
4993	4200
4999	1239
5000	6660
5000	2914
5000	5000
5000	1
5000	701
5000	2497
5000	3561
5000	7018
5000	2828
5003	5003
5003	701
5003	3831
5006	11812
5006	701
5006	1
5006	3561
5006	1239
5006	2828
5006	11101
5006	13367
5006	293
5006	217
5006	7973
5006	7792
5006	6924
5006	1998
5006	12042
5006	13684
5006	13376
5024	209
5049	3561
5049	701
5049	10910
5049	5049
5049	2548
5050	9
5050	701
5050	1740
5050	7018
5050	5050
5050	1239
5050	3999
5050	4130
5050	1206
5050	145
5050	7272
5056	10726
5056	701
5056	3561
5056	1239
5058	7170
5058	48
5058	1263
5071	6453
5071	3602
5072	11550
5072	6402
5076	5076
5076	701
5076	6347
5078	11537
5078	7294
5078	5078
5078	3561
5078	8036
5089	702
5089	701
5089	5459
5089	2914
5089	7018
5089	1849
5089	3300
5097	5097
5097	2828
5097	701
5097	1239
5097	3549
5102	5106
5103	5106
5106	5103
5106	701
5106	5102
5109	13924
5180	721
5256	1913
5264	7170
5264	721
5324	3739
5377	2614
5377	702
5377	1755
5377	6700
5377	6453
5377	2603
5377	5413
5377	2588
5377	5377
5378	6660
5378	3333
5378	6461
5378	174
5378	5409
5378	5459
5378	1849
5378	3300
5378	2856
5378	517
5378	8404
5378	5432
5378	8527
5378	8612
5378	9027
5378	8196
5378	8469
5378	8271
5378	6779
5378	5400
5378	5427
5378	8761
5378	702
5378	8319
5378	6705
5378	9026
5378	2874
5378	6719
5378	4000
5378	5551
5378	1899
5378	2603
5378	1653
5378	1267
5378	1759
5378	6900
5378	3328
5378	6664
5378	2871
5378	3336
5378	12701
5378	5413
5378	6893
5378	6734
5378	5621
5378	8297
5378	8968
5378	6751
5378	10530
5384	8959
5384	8960
5388	7176
5388	1849
5388	1755
5388	8220
5388	5459
5388	5564
5391	2108
5391	3561
5392	9026
5392	5392
5392	3257
5399	3333
5399	8918
5400	2856
5400	1755
5400	6730
5400	5400
5400	3561
5400	7018
5400	5378
5400	6689
5400	6669
5400	3333
5400	5459
5400	702
5400	8472
5400	2855
5400	6870
5400	8228
5400	6686
5400	6684
5400	8968
5401	1299
5401	5409
5401	5401
5401	8918
5408	8522
5408	8933
5408	9010
5408	2546
5408	8278
5408	6867
5408	3323
5408	6744
5408	5470
5409	2686
5409	7176
5409	5378
5409	9057
5409	5594
5409	8196
5409	8469
5409	6735
5409	8761
5409	8220
5409	5430
5409	1273
5409	2914
5409	5409
5409	1270
5409	293
5409	5459
5409	7018
5409	1849
5409	3856
5409	3352
5409	8903
5409	6705
5409	8610
5409	8650
5409	8793
5409	5401
5409	8656
5409	5621
5413	8209
5413	2828
5413	1290
5413	6805
5413	2856
5413	9027
5413	1299
5413	8608
5413	2914
5413	1
5413	1740
5413	5459
5413	1849
5413	1755
5413	1273
5413	8251
5413	3333
5413	1103
5413	1890
5413	2611
5413	5551
5413	2863
5413	3292
5413	1759
5413	5378
5413	5377
5413	8914
5417	2529
5417	3333
5417	3300
5420	5556
5424	5424
5424	1755
5424	8918
5427	5378
5427	3300
5427	8938
5430	8469
5430	3549
5430	702
5430	1755
5430	5409
5430	5459
5430	12503
5430	6453
5430	8950
5430	9073
5432	5378
5432	6774
5432	5459
5436	2917
5436	5436
5436	6689
5441	137
5444	137
5459	2686
5459	6461
5459	286
5459	9057
5459	5378
5459	1290
5459	2856
5459	6805
5459	8938
5459	7176
5459	5511
5459	5594
5459	5432
5459	1299
5459	8918
5459	8709
5459	8210
5459	2529
5459	6779
5459	786
5459	5551
5459	8220
5459	5413
5459	5430
5459	1849
5459	1273
5459	5388
5459	3257
5459	5409
5459	3320
5459	2917
5459	8297
5459	5400
5459	4000
5459	8743
5459	5089
5459	6730
5459	2863
5459	3292
5459	5669
5459	3328
5459	2871
5459	9193
5459	5621
5459	6765
5459	8914
5459	6745
5459	10530
5459	2110
5466	3300
5466	8914
5466	5466
5466	3561
5469	5515
5470	5408
5483	3320
5483	5483
5483	3561
5486	1241
5486	701
5492	1257
5492	5624
5511	3215
5511	3333
5511	1239
5511	1800
5511	5459
5511	2828
5511	1755
5511	12479
5511	2914
5511	2917
5511	2200
5511	4000
5515	1759
5515	6453
5515	5515
5515	2853
5515	5469
5515	1342
5516	1930
5520	1275
5533	6765
5533	701
5539	1755
5539	3300
5549	5549
5549	8938
5549	6751
5549	8254
5550	8501
5551	6747
5551	5683
5551	5459
5551	1849
5551	5378
5551	1889
5551	5413
5551	72
5551	1755
5551	5713
5556	3292
5556	702
5556	1248
5556	5556
5556	3561
5556	5420
5564	2529
5564	5388
5568	8336
5568	6453
5568	3335
5568	8623
5568	8730
5568	12448
5568	3316
5568	2895
5568	2683
5568	2875
5574	1759
5574	2853
5578	1755
5583	3333
5583	4000
5583	8211
5588	1755
5590	3333
5590	702
5590	1759
5594	1103
5594	5409
5594	1239
5594	6461
5594	5459
5594	701
5594	8999
5594	3356
5594	8527
5594	9121
5601	1653
5603	2610
5603	702
5607	6763
5607	1755
5607	6727
5607	1849
5609	6664
5610	8593
5610	5610
5610	6453
5617	8267
5617	5617
5617	3561
5617	8297
5617	8501
5617	8246
5617	6453
5619	3307
5620	3300
5621	4183
5621	5459
5621	1849
5621	5378
5621	1755
5621	5409
5624	3292
5624	5492
5640	145
5641	3360
5641	4969
5641	5641
5641	3491
5645	5645
5645	209
5645	701
5645	8043
5645	1239
5646	3669
5646	1
5646	5646
5646	1239
5646	2828
5646	6402
5646	6214
5646	6660
5646	7018
5646	2381
5646	160
5646	378
5646	38
5646	7189
5646	6200
5646	701
5646	693
5646	103
5646	4358
5646	293
5646	6325
5646	7660
5646	797
5646	7752
5646	3789
5646	6349
5646	6716
5647	701
5647	1785
5650	6188
5650	1
5650	3549
5650	1239
5650	2828
5650	6410
5650	7757
5650	2914
5650	13614
5650	11588
5650	6510
5650	293
5650	701
5650	2899
5650	4010
5650	3356
5650	6137
5650	10496
5653	11423
5656	6325
5656	6347
5661	1239
5661	11095
5663	11317
5665	209
5666	5666
5666	5683
5666	14373
5669	1755
5669	2914
5669	6461
5669	2497
5669	5459
5669	1849
5669	2828
5669	6754
5671	7911
5673	6411
5673	2685
5673	2828
5673	6201
5673	5774
5673	7657
5673	13526
5673	14049
5673	2150
5673	11099
5673	7360
5673	11829
5673	8046
5674	2685
5674	5674
5674	1239
5675	2685
5675	5675
5675	1239
5676	226
5676	2685
5676	5676
5676	1239
5676	7012
5676	7657
5676	11687
5676	4179
5677	5677
5677	1239
5677	2685
5678	2685
5678	5678
5678	1239
5679	7911
5679	5679
5679	2685
5679	14353
5680	2685
5681	2685
5683	12116
5683	3561
5683	5551
5683	10660
5683	5666
5683	7474
5683	6079
5683	701
5686	4183
5688	816
5688	5688
5688	3602
5690	3602
5690	11522
5691	1
5692	4926
5692	4270
5693	701
5693	1
5693	2828
5693	10746
5693	10666
5696	11268
5696	286
5696	6461
5696	1
5696	2497
5696	2828
5696	237
5696	1239
5696	7018
5696	1800
5696	3561
5696	13455
5696	6113
5696	2914
5696	293
5696	4358
5696	6660
5696	1982
5696	7037
5696	2900
5696	2
5696	7359
5696	6322
5696	3463
5707	114
5713	8094
5713	5551
5713	701
5713	2856
5713	5713
5713	3561
5713	7018
5713	6083
5719	1785
5719	293
5723	145
5723	1
5723	77
5727	1
5727	6905
5727	7018
5727	1740
5727	701
5727	1221
5727	7131
5727	7473
5727	2915
5727	7474
5727	2828
5727	2042
5730	7018
5737	1
5737	701
5737	2548
5737	1239
5737	10853
5739	145
5739	11423
5743	3561
5752	701
5763	701
5763	4323
5769	6453
5769	3602
5769	1239
5774	701
5774	5673
5778	701
5778	1239
5786	1239
5786	5786
5872	303
5939	701
5939	721
5957	7170
5961	721
5972	1591
5972	721
5976	1727
5976	7170
5977	701
6000	721
6059	11131
6059	2548
6065	701
6065	11172
6066	286
6066	2914
6066	3549
6066	2497
6066	701
6066	2828
6068	3786
6071	701
6074	1785
6079	3803
6079	2828
6079	3561
6079	2914
6079	293
6079	5683
6079	6079
6079	3491
6081	4358
6081	3561
6081	293
6082	13642
6082	1239
6082	701
6082	2914
6082	2828
6082	1784
6082	11614
6082	14243
6082	7960
6083	5713
6091	701
6104	701
6104	6104
6104	1740
6106	11422
6106	1852
6112	6983
6113	5696
6113	293
6113	4958
6113	286
6113	3561
6113	1239
6122	3676
6122	174
6122	2698
6127	10530
6127	6453
6127	3561
6127	1239
6128	2548
6128	6128
6128	701
6128	1239
6128	13455
6128	13554
6130	2548
6130	6130
6130	701
6130	3561
6137	220
6137	5650
6138	10916
6138	1239
6140	6198
6140	13835
6163	3561
6164	7018
6164	1225
6172	6411
6172	286
6172	2914
6172	1
6172	293
6172	3561
6172	1239
6172	7018
6172	6172
6172	701
6172	2828
6172	1740
6172	7756
6172	6327
6172	13526
6172	13610
6172	10746
6181	209
6181	701
6181	2548
6181	1239
6183	816
6183	577
6183	2767
6187	2905
6187	6187
6187	4000
6188	11741
6188	6188
6188	5650
6192	145
6192	1852
6192	11423
6197	11712
6197	701
6198	6140
6198	701
6198	13627
6198	4511
6198	12013
6198	3681
6198	10273
6200	1103
6200	5646
6200	293
6200	2828
6201	1
6201	7018
6201	5673
6201	6453
6214	5646
6221	1
6221	3549
6221	3561
6222	11231
6222	1239
6223	701
6223	2548
6223	1239
6223	11052
6224	701
6224	1239
6225	3561
6225	701
6225	1239
6226	701
6226	1239
6226	4211
6227	1
6227	13553
6227	701
6249	3803
6250	13576
6250	81
6250	6250
6250	3561
6259	12097
6259	3847
6259	3561
6259	2914
6259	2828
6259	11548
6259	6660
6259	7018
6259	3549
6259	293
6259	2015
6261	3491
6261	701
6261	1
6261	293
6261	2914
6261	2828
6263	11317
6301	701
6301	1
6301	7018
6306	7927
6306	13564
6306	6306
6306	3561
6307	3561
6307	7018
6319	209
6319	701
6319	3491
6320	6320
6320	8001
6320	6461
6320	2914
6322	11052
6322	5696
6325	5646
6325	5656
6325	1239
6325	6325
6325	11828
6327	6172
6327	815
6327	6327
6327	852
6327	3602
6327	6453
6327	816
6327	814
6332	10436
6332	8151
6332	11136
6332	10560
6332	6332
6332	1831
6332	3810
6332	278
6332	4493
6332	7018
6332	1239
6332	6342
6332	3640
6334	1239
6334	12179
6337	11268
6337	3561
6337	6337
6337	6347
6337	7018
6342	11172
6342	6332
6347	6337
6347	1239
6347	6411
6347	3561
6347	6463
6347	14082
6347	12237
6347	14315
6347	11319
6347	13770
6347	3356
6347	14194
6347	13740
6347	701
6347	613
6347	5656
6347	6347
6347	8158
6347	6571
6347	5076
6347	3737
6347	2015
6347	7752
6347	12250
6347	1787
6347	8180
6349	5646
6350	11039
6350	209
6350	6350
6350	3951
6350	11279
6350	268
6350	295
6350	1
6350	11149
6356	6381
6356	11095
6360	11537
6360	200
6366	4600
6366	3701
6367	11233
6367	1239
6371	6471
6371	4200
6371	701
6377	4222
6380	701
6380	3996
6381	6356
6381	701
6385	701
6386	10921
6386	701
6388	701
6388	3464
6391	3384
6395	8043
6395	6660
6395	7238
6395	7018
6395	701
6395	2914
6395	2497
6395	293
6395	2828
6400	8035
6401	6463
6401	816
6401	6453
6402	5072
6402	5646
6402	7018
6402	2828
6402	1767
6402	6660
6402	2914
6402	293
6406	293
6407	816
6407	3493
6410	701
6410	7018
6410	5650
6411	6172
6411	701
6411	5673
6411	6347
6411	7018
6413	1239
6419	10506
6419	701
6423	11995
6423	701
6429	6453
6429	701
6431	701
6431	6431
6431	7018
6433	7018
6433	701
6437	701
6443	7018
6443	1239
6453	9430
6453	6660
6453	1
6453	1239
6453	701
6453	2828
6453	6201
6453	6327
6453	2914
6453	293
6453	7018
6453	8160
6453	6463
6453	5769
6453	11290
6453	2516
6453	1680
6453	6774
6453	5568
6453	6762
6453	8220
6453	5430
6453	8297
6453	8143
6453	1103
6453	786
6453	2603
6453	4628
6453	4766
6453	2907
6453	1850
6453	74
6453	5515
6453	6401
6453	1221
6453	2905
6453	9505
6453	5071
6453	10354
6453	9121
6453	8342
6453	12713
6453	6429
6453	2563
6453	5377
6453	8584
6453	4230
6453	7303
6453	6677
6453	4274
6453	6661
6453	5617
6453	4621
6453	209
6453	11341
6453	5610
6453	4609
6453	2042
6453	6127
6453	2146
6453	8447
6461	701
6461	7018
6461	4969
6461	5378
6461	1
6461	293
6461	3561
6461	5459
6461	2497
6461	2828
6461	1755
6461	5696
6461	7189
6461	6555
6461	11919
6461	7586
6461	5594
6461	2914
6461	1239
6461	6320
6461	4058
6461	4766
6461	3786
6461	3557
6461	3066
6461	715
6461	5669
6461	7473
6461	4780
6461	11414
6461	10368
6461	11042
6461	2529
6461	8121
6461	10245
6461	7252
6461	7526
6461	7811
6461	3462
6463	7992
6463	6453
6463	3602
6463	6463
6463	6347
6463	11647
6463	3766
6463	6401
6463	2652
6463	7794
6467	7333
6467	1
6467	701
6467	3561
6467	2914
6467	1239
6467	4200
6467	7018
6467	6660
6467	2828
6467	4989
6470	7018
6471	6371
6481	2914
6494	13636
6494	1239
6501	7018
6503	278
6503	3561
6503	701
6503	3632
6503	2549
6503	3484
6503	4493
6503	3454
6503	7325
6503	7125
6503	10436
6503	8007
6503	6553
6504	701
6504	7018
6505	10954
6505	4000
6507	3561
6507	701
6509	549
6509	1103
6509	293
6509	271
6509	803
6509	10764
6509	852
6509	8111
6509	10965
6509	10786
6509	376
6509	10972
6509	12004
6509	818
6510	5650
6510	210
6521	701
6537	2767
6544	701
6553	6949
6553	1257
6553	1273
6553	2497
6553	6503
6553	2856
6553	3303
6554	701
6555	6461
6555	701
6555	1
6571	11106
6571	6347
6580	1239
6580	6580
6580	7018
6582	4151
6582	701
6582	6582
6582	3561
6597	701
6597	6597
6597	1
6597	1239
6601	4200
6601	209
6619	701
6629	701
6638	3602
6638	6638
6638	852
6640	209
6640	6640
6640	2548
6654	174
6660	701
6660	5378
6660	6453
6660	3914
6660	3491
6660	7922
6660	2548
6660	293
6660	2828
6660	6779
6660	2917
6660	6259
6660	3384
6660	5646
6660	5696
6660	6395
6660	6402
6660	2516
6660	6467
6660	3932
6660	174
6660	5000
6660	2041
6660	4565
6661	3300
6661	2602
6661	6453
6664	3269
6664	5378
6664	6762
6664	12551
6664	2593
6664	6882
6664	5609
6669	8903
6669	5400
6677	6453
6684	8217
6684	5400
6686	5400
6689	5436
6689	5400
6696	702
6696	3304
6696	6696
6696	6852
6700	5377
6705	5378
6705	5409
6705	3300
6705	8750
6705	9073
6705	6754
6710	517
6711	1955
6714	8246
6716	3328
6716	2914
6716	8001
6716	293
6716	2828
6716	701
6716	1
6716	7018
6716	6716
6716	5646
6719	5378
6719	4000
6719	6730
6719	6893
6719	9044
6720	1853
6725	1849
6727	9159
6727	1299
6727	11341
6727	5607
6730	8404
6730	6730
6730	5400
6730	1755
6730	3292
6730	6719
6730	5459
6730	12511
6730	702
6730	6893
6730	8843
6730	9042
6734	5378
6734	1267
6735	8938
6735	5409
6744	5408
6745	1755
6745	2914
6745	3549
6745	5459
6745	1849
6747	6851
6747	702
6747	5551
6747	2588
6751	5549
6751	9057
6751	5378
6754	6705
6754	6754
6754	3300
6754	5669
6754	1755
6755	3561
6755	7018
6755	9121
6755	6755
6755	1239
6762	8761
6762	701
6762	1239
6762	6453
6762	3549
6762	3300
6762	6664
6762	12797
6762	7303
6762	8400
6762	8447
6763	9212
6763	5607
6763	11341
6765	5533
6765	9057
6765	5459
6772	3300
6772	3303
6774	5432
6774	6453
6774	1
6774	6774
6774	3292
6774	1755
6779	5378
6779	6779
6779	4000
6779	5459
6779	6660
6793	6793
6793	1299
6799	3260
6799	3300
6799	12713
6799	8400
6805	6878
6805	3333
6805	1667
6805	5459
6805	6805
6805	1273
6805	1270
6805	5413
6805	3300
6805	8387
6813	4926
6813	3561
6813	3352
6813	6813
6813	8297
6813	702
6813	766
6829	3300
6829	6829
6829	6873
6830	8209
6830	9057
6830	6830
6830	1755
6834	3292
6851	6747
6851	8274
6852	6696
6852	4000
6853	8269
6859	9057
6859	6859
6859	8297
6867	5408
6870	9557
6870	2856
6870	5400
6873	6829
6873	4000
6878	6805
6878	6878
6878	1275
6882	6664
6883	8692
6893	5378
6893	8918
6893	6730
6893	6719
6897	4000
6900	5378
6900	1270
6900	6900
6900	3209
6905	5727
6905	3333
6905	3967
6905	1755
6912	2553
6912	701
6912	3996
6913	701
6921	3356
6922	18
6922	7018
6922	6922
6922	1239
6922	3794
6922	1
6922	3354
6922	209
6922	10812
6922	7290
6922	10550
6922	7291
6922	1761
6922	1970
6922	11912
6924	5006
6938	3356
6938	701
6948	701
6949	7018
6949	701
6949	6949
6949	209
6949	6553
6949	1
6983	701
6983	12173
6983	6112
6983	3452
6988	7018
6993	4134
6993	6993
6993	1
6993	3561
6993	701
6993	2914
6993	14215
6993	1239
6993	7018
6993	10966
6994	6994
6994	3561
6995	209
6995	6995
6995	3951
6995	1
6997	7189
6997	11079
6997	3602
7004	11340
7004	3561
7004	7418
7004	4926
7012	5676
7015	7922
7015	7015
7015	7018
7015	3561
7015	701
7016	7016
7016	701
7016	7922
7018	701
7018	1
7018	14045
7018	1239
7018	6461
7018	7170
7018	293
7018	3561
7018	2828
7018	2685
7018	5727
7018	2914
7018	1740
7018	13391
7018	11812
7018	6504
7018	10656
7018	11806
7018	11383
7018	11397
7018	14065
7018	11895
7018	12163
7018	11134
7018	6301
7018	11090
7018	11268
7018	10851
7018	2386
7018	4129
7018	7462
7018	12121
7018	12099
7018	12045
7018	7914
7018	11560
7018	11937
7018	10947
7018	8074
7018	9430
7018	6433
7018	11015
7018	4592
7018	13375
7018	13578
7018	7806
7018	6580
7018	196
7018	11810
7018	11516
7018	11684
7018	13815
7018	13436
7018	11902
7018	6988
7018	6411
7018	6201
7018	12120
7018	9329
7018	11971
7018	11337
7018	11154
7018	13443
7018	11107
7018	11741
7018	10726
7018	6443
7018	10588
7018	13632
7018	11589
7018	11857
7018	11235
7018	13373
7018	11400
7018	13371
7018	6410
7018	11906
7018	12156
7018	14149
7018	10914
7018	11101
7018	14021
7018	13558
7018	14143
7018	10453
7018	6470
7018	13707
7018	13552
7018	13642
7018	13919
7018	12116
7018	13888
7018	7309
7018	10603
7018	3585
7018	13758
7018	12069
7018	13641
7018	13627
7018	12068
7018	7743
7018	12039
7018	12261
7018	7079
7018	125
7018	13572
7018	6307
7018	12281
7018	12082
7018	13688
7018	1763
7018	14113
7018	13346
7018	12223
7018	11169
7018	10317
7018	14076
7018	14005
7018	14153
7018	12022
7018	8035
7018	71
7018	10911
7018	6172
7018	11351
7018	11707
7018	7757
7018	11426
7018	13343
7018	8052
7018	10311
7018	10838
7018	10994
7018	11427
7018	7922
7018	12270
7018	12271
7018	13560
7018	6453
7018	11060
7018	7853
7018	7015
7018	3356
7018	2767
7018	2548
7018	3847
7018	174
7018	3737
7018	4565
7018	7333
7018	568
7018	5696
7018	11919
7018	3300
7018	5400
7018	3549
7018	1833
7018	10910
7018	3257
7018	5409
7018	3320
7018	6755
7018	5089
7018	6259
7018	12153
7018	11854
7018	10912
7018	6402
7018	10477
7018	14299
7018	4200
7018	4544
7018	3951
7018	3967
7018	6467
7018	6164
7018	5646
7018	6993
7018	3914
7018	5050
7018	3932
7018	6922
7018	297
7018	1742
7018	3599
7018	4766
7018	2572
7018	87
7018	3680
7018	10722
7018	8043
7018	8070
7018	11172
7018	1351
7018	2041
7018	2551
7018	3857
7018	1659
7018	1968
7018	144
7018	5730
7018	6431
7018	1757
7018	2918
7018	13336
7018	11231
7018	3741
7018	1872
7018	4780
7018	3462
7018	1746
7018	12090
7018	6337
7018	3614
7018	6395
7018	109
7018	7726
7018	6501
7018	10695
7018	8584
7018	7068
7018	6332
7018	5000
7018	10496
7018	10384
7018	11177
7018	1668
7018	13401
7018	3448
7018	5713
7018	13847
7018	11286
7018	13327
7018	4926
7018	4274
7018	11757
7018	4006
7018	13924
7018	6716
7018	13859
7018	1767
7018	10904
7018	14328
7018	6949
7021	1
7021	3951
7021	12065
7021	10448
7029	701
7037	11990
7037	7037
7037	1
7037	5696
7037	4540
7037	11123
7037	3561
7037	8006
7042	701
7045	4565
7046	701
7046	7360
7046	10953
7050	145
7050	2381
7050	11537
7055	11100
7055	1
7055	3549
7066	13398
7066	1239
7066	1201
7066	293
7066	225
7066	1312
7066	11975
7066	11279
7066	10357
7066	10545
7068	7018
7068	3561
7079	7018
7081	145
7087	3603
7087	7087
7087	701
7115	701
7115	2548
7115	1239
7122	577
7125	6503
7127	3951
7127	3561
7131	5727
7131	701
7132	2548
7132	7132
7132	1239
7132	12007
7138	1239
7138	2588
7152	701
7152	1
7170	1455
7170	1103
7170	2914
7170	1
7170	7018
7170	3520
7170	293
7170	668
7170	568
7170	3856
7170	22
7170	1239
7170	592
7170	48
7170	13
7170	298
7170	5957
7170	1503
7170	1453
7170	132
7170	83
7170	89
7170	1260
7170	175
7170	84
7170	286
7170	149
7170	523
7170	5058
7170	555
7170	1485
7170	7774
7170	1655
7170	303
7170	374
7170	1456
7170	5976
7170	252
7170	1242
7170	5264
7176	8209
7176	5409
7176	1
7176	5388
7176	2647
7176	3333
7176	5459
7176	8612
7176	3313
7176	2871
7184	278
7189	1691
7189	6461
7189	271
7189	7189
7189	5646
7189	1239
7189	11079
7189	6997
7192	1201
7192	3951
7192	1
7193	1
7193	3951
7212	11537
7212	1239
7222	7222
7222	1239
7228	3951
7228	1239
7238	6395
7238	10772
7252	7441
7252	6461
7253	701
7253	7253
7253	3561
7253	1239
7258	3561
7258	1239
7260	10656
7260	701
7260	3599
7260	1
7260	11417
7260	7820
7261	701
7272	11536
7272	5050
7276	4557
7276	114
7281	701
7283	3561
7283	3463
7288	2685
7290	6922
7290	7911
7291	6922
7291	2548
7291	7291
7291	1239
7292	7292
7292	1239
7293	2548
7293	7293
7293	1239
7294	5078
7294	7911
7301	701
7301	1327
7303	4270
7303	6453
7303	7303
7303	6762
7309	7309
7309	7018
7325	6503
7332	701
7332	3669
7333	6467
7333	7333
7333	7018
7355	7355
7355	701
7355	1
7358	701
7358	1740
7359	5696
7359	209
7360	7046
7360	7360
7360	701
7360	5673
7362	701
7362	114
7371	3561
7377	1740
7377	11422
7377	145
7386	1
7396	3701
7398	816
7398	684
7398	3602
7418	7004
7418	1
7430	701
7430	1
7435	701
7435	3561
7441	11102
7441	7252
7462	7018
7472	7610
7472	3758
7473	4657
7473	5727
7473	2914
7473	1
7473	2828
7473	3758
7473	7473
7473	6461
7474	7569
7474	5727
7474	701
7474	5683
7474	7570
7474	7474
7474	4738
7474	7572
7474	7571
7474	7476
7474	4740
7474	3561
7474	7573
7474	9313
7474	2764
7474	7475
7474	7574
7474	4742
7474	9555
7474	7617
7475	7474
7475	7475
7475	1221
7476	7474
7483	4637
7497	1239
7501	2504
7501	4694
7501	2497
7501	2516
7501	7502
7502	7501
7502	2510
7502	7502
7502	7685
7514	7679
7514	4716
7515	4713
7515	701
7515	2914
7515	2514
7515	7515
7515	2518
7515	4673
7515	2510
7516	2497
7516	4716
7518	2516
7518	7518
7518	2497
7518	4694
7518	4716
7518	2512
7526	7526
7526	3561
7526	4680
7526	6461
7531	2497
7533	7656
7533	7533
7533	9505
7535	7656
7535	7535
7535	3462
7535	4780
7535	9505
7539	10764
7539	293
7543	7543
7543	7657
7543	9396
7561	4668
7561	3786
7561	4766
7563	3608
7564	3786
7564	4766
7569	7474
7570	7474
7571	7474
7572	7474
7573	7474
7574	7474
7582	4609
7586	7657
7586	6461
7599	9193
7599	2914
7610	7472
7610	1103
7610	293
7610	9292
7610	9419
7617	701
7617	7617
7617	7474
7622	1781
7622	9270
7623	3608
7623	1237
7634	4657
7656	7535
7656	7533
7657	7543
7657	7657
7657	7586
7657	4565
7657	5673
7657	4739
7657	5676
7657	1740
7660	4730
7660	10764
7660	2500
7660	2513
7660	5646
7660	9355
7660	9270
7660	3510
7679	7679
7679	2516
7679	7514
7679	2497
7685	7502
7685	2497
7713	11919
7714	4763
7726	701
7726	3561
7726	7018
7734	7734
7734	2767
7734	2548
7734	577
7734	1849
7734	4433
7743	7018
7743	1239
7752	5646
7752	7752
7752	6347
7754	1
7754	2548
7756	1
7756	6172
7756	7756
7757	7757
7757	3561
7757	7922
7757	7018
7757	5650
7762	701
7764	701
7773	10831
7773	7773
7773	2914
7774	7170
7774	7774
7774	2914
7774	101
7792	7792
7792	701
7792	5006
7794	816
7794	6463
7795	701
7799	701
7806	2914
7806	7018
7809	701
7811	2497
7811	6461
7820	7260
7820	4550
7820	7820
7820	3561
7823	1239
7843	701
7843	1239
7843	209
7843	13414
7843	1351
7853	7018
7853	2914
7853	7853
7853	3561
7861	7861
7861	852
7862	701
7862	1
7876	701
7876	1239
7893	2055
7893	701
7893	2048
7893	7893
7896	11317
7908	10318
7908	7908
7908	2548
7911	5679
7911	4544
7911	2914
7911	7911
7911	2828
7911	5671
7911	7294
7911	7290
7911	11354
7911	10772
7911	11396
7911	10773
7911	13422
7911	13420
7911	13421
7911	13965
7911	13964
7911	3751
7914	7018
7915	8047
7915	10609
7922	11351
7922	2914
7922	293
7922	2828
7922	11707
7922	7757
7922	3356
7922	11426
7922	3491
7922	7922
7922	701
7922	8052
7922	10994
7922	11427
7922	7018
7922	6660
7922	11955
7922	12271
7922	10796
7922	7016
7922	13560
7922	11060
7922	7015
7925	13661
7925	10719
7927	2027
7927	4000
7927	6306
7927	8048
7931	1785
7939	32774
7939	11095
7960	10792
7960	3356
7960	4969
7960	3561
7960	6082
7960	2828
7968	2548
7973	5006
7985	3491
7992	816
7992	6463
7992	2767
7997	7997
7997	1239
8000	701
8001	6320
8001	3967
8001	10910
8001	3549
8001	6716
8001	11179
8006	8006
8006	701
8006	7037
8007	6503
8010	3356
8012	701
8012	10910
8013	174
8016	1
8016	3951
8017	1
8017	3951
8035	6400
8035	7018
8036	5078
8043	6395
8043	3561
8043	7018
8043	1239
8043	5645
8043	4500
8043	10470
8046	5673
8046	715
8046	8046
8047	11090
8047	3561
8047	701
8047	7915
8048	11694
8048	7927
8048	701
8048	8048
8048	1
8048	1239
8049	209
8049	600
8051	209
8052	7018
8052	7922
8052	1239
8060	701
8061	701
8062	701
8062	3996
8070	8071
8070	1
8070	701
8070	3561
8070	8070
8070	7018
8070	2914
8070	1239
8071	8070
8071	101
8074	3561
8074	701
8074	1239
8074	7018
8079	14153
8079	8079
8079	701
8079	2548
8079	1239
8079	8132
8092	3356
8092	1
8094	5713
8105	701
8105	1239
8111	6509
8111	854
8112	1
8112	3951
8113	1
8113	3951
8114	3951
8114	1
8115	3951
8119	1740
8119	1239
8121	6461
8132	8079
8132	8132
8132	1
8136	701
8143	701
8143	3561
8143	6453
8151	6332
8151	1239
8151	8151
8151	3484
8156	701
8158	701
8158	6347
8159	209
8159	2914
8160	10261
8160	6453
8160	8160
8160	2767
8160	11998
8167	11242
8167	4230
8167	10715
8175	2711
8175	2828
8175	701
8175	293
8180	6347
8182	701
8187	577
8188	701
8188	1740
8192	8192
8192	3549
8192	3254
8196	5378
8196	5409
8196	8918
8196	3300
8209	3333
8209	8209
8209	7176
8209	6830
8209	5413
8210	9177
8210	3561
8210	5459
8210	2119
8210	3333
8210	701
8210	1239
8210	1755
8211	5583
8217	6684
8218	8355
8218	174
8220	9126
8220	5409
8220	3333
8220	6453
8220	5459
8220	8220
8220	3356
8220	5388
8220	8372
8220	8709
8220	1755
8228	8228
8228	1755
8228	9057
8228	5400
8237	3303
8243	702
8246	6714
8246	1755
8246	8246
8246	5617
8251	3333
8251	9057
8251	8918
8251	5413
8254	5549
8263	8342
8267	8501
8267	8267
8267	5617
8269	6853
8269	4000
8271	5378
8274	6851
8274	8724
8278	5408
8284	4000
8297	6859
8297	1849
8297	8784
8297	6453
8297	6813
8297	5459
8297	8743
8297	1267
8297	286
8297	3209
8297	5617
8297	5378
8297	8968
8303	3320
8308	1299
8308	12423
8319	9040
8319	5378
8335	4000
8336	5568
8342	8263
8342	1299
8342	8615
8342	2118
8342	6453
8342	3316
8348	1759
8348	8348
8348	8615
8355	1290
8355	8651
8355	8218
8355	8656
8355	174
8355	3976
8365	1275
8365	8793
8370	3316
8372	8220
8384	8572
8384	517
8387	8387
8387	6805
8387	1901
8400	6799
8400	3561
8400	8400
8400	6762
8404	5378
8404	702
8404	6730
8404	1836
8435	2856
8437	3303
8437	1755
8447	6762
8447	6453
8466	11042
8469	5378
8469	5409
8469	8918
8469	5430
8472	1755
8472	5400
8477	3303
8477	8477
8477	8918
8495	8793
8501	1887
8501	8933
8501	9010
8501	8267
8501	8501
8501	5617
8501	5550
8501	8970
8501	12423
8517	1967
8517	9000
8517	11042
8522	5408
8522	8522
8522	1241
8527	5378
8527	8527
8527	5594
8527	3305
8542	702
8551	701
8572	8384
8584	4000
8584	6453
8584	8584
8584	3561
8584	7018
8584	8867
8588	1890
8593	3320
8593	5610
8602	8602
8602	3257
8608	3333
8608	5413
8609	1930
8610	5409
8612	5378
8612	7176
8615	8348
8615	8615
8615	8342
8623	3267
8623	5568
8650	3292
8650	5409
8651	8355
8651	3333
8656	8355
8656	5409
8677	3259
8677	3215
8692	6883
8692	1853
8702	2874
8709	3967
8709	5459
8709	8220
8718	1849
8718	2856
8724	8274
8724	8724
8724	9058
8730	5568
8743	9057
8743	2856
8743	5459
8743	9212
8743	8297
8743	12692
8746	2917
8746	1899
8750	6705
8750	1
8750	701
8756	2683
8756	1275
8761	5409
8761	5378
8761	6762
8784	8908
8784	8297
8792	3257
8792	8792
8792	2871
8793	8365
8793	5409
8793	1273
8793	8793
8793	9057
8793	8495
8843	6730
8843	8938
8843	3303
8862	3257
8867	8584
8874	3215
8874	2917
8903	6669
8903	5409
8908	2917
8908	8784
8914	5466
8914	702
8914	5459
8914	5413
8918	8196
8918	701
8918	1
8918	5459
8918	4565
8918	8469
8918	5424
8918	12694
8918	3333
8918	8251
8918	1755
8918	513
8918	8918
8918	2611
8918	5401
8918	6893
8918	5399
8918	8477
8933	2603
8933	1103
8933	786
8933	1275
8933	3300
8933	2200
8933	1853
8933	378
8933	513
8933	559
8933	2907
8933	2611
8933	137
8933	766
8933	1213
8933	1930
8933	5408
8933	1955
8933	8501
8933	2602
8933	2107
8938	5549
8938	1755
8938	3300
8938	8938
8938	1
8938	5459
8938	6735
8938	5427
8938	8843
8950	5430
8959	5384
8959	1
8959	8961
8960	5384
8960	701
8960	8961
8961	8960
8961	8959
8961	9155
8964	3259
8964	8964
8964	3305
8968	5378
8968	8297
8968	5400
8970	8501
8970	1887
8973	32
8999	5594
8999	3259
9000	8517
9000	2548
9000	9095
9010	1275
9010	701
9010	378
9010	2611
9010	137
9010	1213
9010	1930
9010	5408
9010	2852
9010	1955
9010	8501
9010	2602
9010	2107
9020	9020
9020	1275
9020	12292
9026	5378
9026	5392
9027	5378
9027	9027
9027	702
9027	5413
9034	9035
9034	12551
9034	3242
9035	9034
9035	702
9035	3242
9040	8319
9042	6730
9042	3303
9044	3303
9044	6719
9055	702
9057	3356
9057	1103
9057	3333
9057	5459
9057	6830
9057	6751
9057	5409
9057	2856
9057	6859
9057	1755
9057	8251
9057	8743
9057	8793
9057	12701
9057	8228
9057	6765
9057	2917
9058	8724
9058	11331
9065	1890
9065	1136
9073	9073
9073	5430
9073	6705
9088	1653
9095	9000
9121	6755
9121	5594
9121	1967
9121	6453
9126	8220
9126	1841
9155	8961
9159	2917
9159	6727
9177	3303
9177	8210
9187	2607
9193	3333
9193	7599
9193	4969
9193	5459
9212	6763
9212	8743
9264	1740
9269	701
9269	814
9270	7622
9270	7660
9270	9488
9292	7610
9292	4628
9292	4657
9304	9304
9304	4000
9313	7474
9325	4648
9329	7018
9355	7660
9355	2513
9362	2516
9362	2521
9362	4725
9362	2514
9366	703
9366	4703
9367	2500
9396	7543
9411	4621
9419	7610
9430	6453
9430	7018
9431	4768
9432	4768
9433	4768
9452	4766
9452	2563
9486	4274
9488	9270
9488	2563
9489	4766
9494	3608
9494	4766
9502	4058
9502	703
9503	4648
9505	7533
9505	6453
9505	7535
9525	3786
9525	4766
9555	7474
9555	9555
9555	1221
9557	6870
9584	4058
9584	4637
9634	3786
9650	1221
9691	3786
9767	3786
10245	11747
10245	6461
10249	701
10261	3493
10261	8160
10273	1
10273	6198
10294	2150
10311	7018
10311	10311
10311	3561
10311	1740
10317	7018
10318	4926
10318	7908
10326	209
10326	10326
10326	3561
10329	2493
10329	816
10334	701
10334	1740
10334	1239
10354	3493
10354	10354
10354	6453
10357	7066
10364	10490
10368	6461
10368	701
10383	701
10383	2548
10384	7018
10384	1239
10399	2933
10399	2548
10424	2548
10424	701
10430	101
10430	11827
10430	4193
10430	1239
10430	3935
10431	701
10434	701
10436	6332
10436	11172
10436	6503
10437	701
10437	10437
10437	1
10437	10490
10440	701
10440	1239
10441	174
10441	4565
10448	7021
10453	701
10453	7018
10455	1740
10457	10910
10457	701
10461	3356
10461	701
10461	4565
10461	1239
10466	701
10466	55
10466	11537
10466	10466
10466	145
10466	11834
10470	10470
10470	8043
10470	2933
10477	701
10477	7018
10482	852
10484	701
10484	1740
10487	3356
10487	701
10487	1
10487	2914
10487	1239
10490	13429
10490	145
10490	2637
10490	10437
10490	3450
10490	3479
10490	11537
10490	11095
10490	12005
10490	12148
10490	12173
10490	10631
10490	3452
10490	10364
10494	10977
10496	7018
10496	5650
10499	174
10499	701
10506	1
10506	701
10506	1740
10506	6419
10508	11317
10514	701
10514	3561
10514	1239
10514	2914
10530	14202
10530	701
10530	2027
10530	2277
10530	3132
10530	6127
10530	5459
10530	5378
10545	3561
10545	7066
10546	11537
10550	6922
10553	1
10553	701
10560	11172
10560	6332
10561	1
10564	701
10571	701
10588	7018
10603	701
10603	7018
10609	7915
10609	1239
10612	1239
10615	1
10615	701
10625	701
10631	10490
10643	1239
10655	701
10656	7260
10656	7018
10660	13457
10660	5683
10666	1740
10666	5693
10673	701
10673	3549
10680	87
10680	11537
10680	701
10680	1767
10695	701
10695	7018
10695	13965
10702	293
10702	2899
10715	8167
10719	7925
10719	3951
10719	1
10721	209
10721	10721
10721	701
10722	174
10722	7018
10725	1
10726	7018
10726	3561
10726	209
10726	5056
10726	1239
10737	2548
10746	6172
10746	5693
10754	701
10754	2041
10755	145
10758	4550
10760	701
10764	6509
10764	1103
10764	7660
10764	293
10764	7539
10764	683
10769	701
10770	1239
10771	10821
10771	1239
10772	7238
10772	7911
10773	7911
10774	1239
10786	6509
10788	701
10792	7960
10792	1225
10796	2548
10796	3561
10796	12262
10796	7922
10805	10805
10805	3967
10805	701
10805	2548
10806	3259
10812	14373
10812	6922
10821	10771
10825	701
10825	1239
10825	10825
10825	2548
10826	701
10826	2548
10826	1239
10827	701
10827	1
10827	1239
10827	13737
10827	10827
10827	2548
10828	14342
10828	701
10828	1239
10828	10828
10828	2548
10828	11102
10831	7773
10831	701
10831	2548
10832	701
10832	1239
10833	701
10833	1239
10838	7018
10838	200
10838	11563
10838	701
10838	10838
10840	3561
10849	701
10851	701
10851	11354
10851	7018
10853	701
10853	5737
10853	1239
10857	3561
10857	701
10866	701
10884	10884
10884	701
10884	1325
10886	27
10886	145
10886	11131
10899	1239
10904	7018
10905	3857
10905	4550
10910	8001
10910	10910
10910	7018
10910	701
10910	8012
10910	1
10910	3561
10910	1239
10910	13566
10910	13537
10910	5049
10910	13739
10910	10457
10911	714
10911	10911
10911	701
10911	1
10911	1239
10911	3561
10911	7018
10911	13359
10912	13830
10912	10912
10912	1
10912	3561
10912	1239
10912	7018
10912	14215
10912	701
10912	13631
10913	11952
10913	10913
10913	1
10913	1239
10913	3561
10913	13953
10913	701
10914	7018
10916	701
10916	6138
10921	3714
10921	6386
10921	10921
10921	1239
10933	701
10933	1239
10947	7018
10953	7046
10954	6505
10954	4230
10960	2548
10965	6509
10966	3561
10966	6993
10967	701
10967	1740
10972	6509
10977	10494
10977	1239
10994	7922
10994	10994
10994	7018
10994	1239
10994	3561
10994	2548
10994	65105
11003	3561
11003	209
11003	1239
11010	701
11010	1239
11011	701
11011	1239
11015	1
11015	7018
11027	1
11027	701
11030	1740
11030	701
11034	3803
11034	1784
11035	701
11039	11039
11039	145
11039	6350
11039	1
11039	293
11042	8466
11042	4200
11042	2614
11042	6461
11042	8517
11050	3112
11050	11060
11052	6223
11052	6322
11060	3561
11060	7922
11060	7018
11060	12097
11060	11050
11076	715
11078	145
11078	1740
11079	701
11079	7189
11079	6997
11085	816
11085	577
11086	1
11087	278
11090	7018
11090	8047
11094	1740
11094	701
11095	6356
11095	10490
11095	4511
11095	5661
11095	7939
11099	5673
11100	7055
11100	14390
11101	5006
11101	11101
11101	7018
11101	1239
11101	3561
11101	3914
11102	7441
11102	10828
11104	1
11104	11104
11104	2548
11104	1239
11106	209
11106	6571
11107	1239
11107	11107
11107	7018
11123	11123
11123	715
11123	7037
11131	10886
11131	6059
11132	701
11132	2548
11134	3561
11134	7018
11136	6332
11143	11854
11145	3951
11145	1
11146	1
11147	1
11148	1
11148	3951
11149	3951
11149	6350
11154	7018
11163	2548
11163	701
11163	3561
11169	7018
11169	1239
11172	6342
11172	7018
11172	10560
11172	10436
11172	6065
11177	7018
11177	1239
11179	13498
11179	11179
11179	8001
11183	4550
11183	11183
11183	3561
11188	1
11188	1740
11198	1239
11211	2548
11211	701
11213	1239
11213	3356
11213	701
11214	701
11221	13398
11221	11221
11221	1
11225	701
11225	1239
11226	2548
11231	11231
11231	7018
11231	6222
11232	701
11233	701
11233	6367
11233	11233
11233	2914
11235	2548
11235	7018
11242	8167
11252	3561
11252	2899
11255	13855
11255	701
11257	852
11257	2767
11260	2767
11260	11260
11260	854
11261	2548
11268	5696
11268	7018
11268	6337
11277	3561
11279	11537
11279	6350
11279	7066
11281	3803
11286	701
11286	7018
11290	2493
11290	3493
11290	6453
11290	11290
11293	11423
11302	1
11302	3561
11317	7896
11317	11537
11317	2701
11317	2495
11317	209
11317	1239
11317	2496
11317	10508
11317	6263
11317	11607
11317	11602
11317	5663
11318	11537
11319	701
11319	6347
11331	9058
11331	1239
11333	3549
11337	7018
11340	7004
11341	6763
11341	1
11341	6727
11341	6453
11349	701
11351	3561
11351	7922
11351	7018
11351	1785
11354	10851
11354	1
11354	1239
11354	701
11354	7911
11355	701
11359	11662
11359	1239
11363	2914
11363	2548
11377	701
11377	2277
11377	11377
11383	4200
11383	7018
11396	7911
11396	2548
11397	2548
11397	7018
11400	701
11400	1239
11400	7018
11403	1239
11403	3491
11414	6461
11417	1
11417	11417
11417	7260
11418	3561
11418	701
11418	3549
11422	7377
11422	293
11422	4
11422	11537
11422	3561
11422	52
11422	131
11422	47
11422	127
11422	299
11422	31
11422	195
11422	6106
11423	32
11423	293
11423	25
11423	145
11423	3561
11423	11293
11423	11537
11423	5739
11423	6192
11423	5653
11424	1239
11424	2914
11426	7922
11426	11426
11426	3561
11426	7018
11427	11427
11427	701
11427	3561
11427	4323
11427	7922
11427	7018
11461	2548
11473	11530
11473	701
11486	701
11492	3561
11492	1239
11494	174
11494	701
11499	1
11499	11499
11499	3549
11508	1239
11516	7018
11522	5690
11522	2767
11524	13963
11524	1
11527	701
11527	11527
11527	1
11527	1239
11529	3561
11529	1785
11530	11473
11530	1239
11536	7272
11536	11536
11536	1239
11537	237
11537	1103
11537	293
11537	34
11537	11422
11537	17
11537	11423
11537	10466
11537	101
11537	81
11537	513
11537	3112
11537	20
11537	6360
11537	10490
11537	4600
11537	4557
11537	1706
11537	3685
11537	11975
11537	5078
11537	7212
11537	2902
11537	10680
11537	12145
11537	7050
11537	11317
11537	1832
11537	11279
11537	2900
11537	14
11537	10546
11537	13504
11537	3681
11537	11318
11548	6259
11548	701
11550	11550
11550	701
11550	5072
11551	4969
11551	3491
11552	1
11552	701
11554	701
11560	1740
11560	7018
11563	10838
11563	1335
11569	2018
11569	2548
11573	1
11573	701
11574	701
11584	701
11588	701
11588	11588
11588	5650
11589	3561
11589	11589
11589	7018
11595	11595
11595	701
11601	3561
11601	701
11602	11317
11607	11317
11614	6082
11627	1740
11645	2905
11647	6463
11647	14472
11648	701
11648	3561
11649	701
11653	701
11653	1239
11662	11359
11664	701
11674	3549
11674	1
11684	7018
11687	1740
11687	5676
11690	701
11690	1239
11694	8048
11707	11707
11707	3561
11707	7922
11707	7018
11712	6197
11712	11712
11712	3561
11712	4200
11729	701
11731	4969
11731	2548
11737	701
11737	2914
11741	11741
11741	7018
11741	6188
11742	3493
11745	145
11747	10245
11747	715
11757	7018
11764	4200
11764	701
11773	114
11778	3384
11778	3561
11784	1
11784	701
11795	701
11795	1740
11796	4550
11806	7018
11806	11892
11808	2914
11808	101
11810	701
11810	7018
11810	3561
11812	5006
11812	11812
11812	7018
11813	701
11826	2914
11826	701
11827	101
11827	10430
11828	1239
11828	6325
11829	5673
11829	11829
11829	701
11834	2914
11834	10466
11839	1
11839	701
11849	701
11853	13851
11853	11853
11853	1
11853	3561
11853	1239
11854	11143
11854	1239
11854	11854
11854	701
11854	1
11854	7018
11855	14297
11855	1239
11855	11855
11855	701
11855	1
11855	3561
11857	7018
11857	11857
11857	3561
11866	174
11866	701
11872	145
11874	2914
11891	11891
11891	701
11891	13329
11892	701
11892	11892
11892	11806
11895	3561
11895	7018
11902	7018
11906	3561
11906	7018
11908	701
11908	4926
11908	4200
11910	701
11911	701
11912	6922
11919	7713
11919	11919
11919	6461
11919	7018
11937	7018
11937	4550
11939	701
11952	701
11952	10913
11955	3561
11955	1740
11955	12262
11955	7922
11956	2914
11956	101
11959	701
11964	2914
11964	701
11971	701
11971	7018
11975	11537
11975	7066
11981	701
11990	11990
11990	209
11990	7037
11995	6423
11996	701
11997	174
11997	701
11998	8160
11998	855
12004	6509
12005	10490
12007	7132
12007	12007
12007	1
12010	701
12013	1
12013	6198
12015	12015
12015	209
12015	1239
12018	174
12018	701
12019	13952
12019	2548
12021	2767
12021	12021
12021	816
12021	3602
12022	3561
12022	7018
12025	1
12025	701
12031	1239
12031	81
12039	7018
12041	2548
12041	701
12042	5006
12045	701
12045	7018
12054	2548
12054	701
12062	701
12065	7021
12068	7018
12069	701
12069	7018
12079	1
12082	7018
12090	7018
12093	549
12097	2548
12097	701
12097	6259
12097	11060
12097	1239
12099	12099
12099	7018
12116	7018
12116	5683
12117	3549
12117	701
12118	145
12120	7018
12121	7018
12127	2914
12127	701
12128	701
12128	174
12144	701
12145	11537
12148	10490
12151	701
12153	7018
12156	701
12156	7018
12156	1239
12163	7018
12163	13414
12173	10490
12173	6983
12179	714
12179	12179
12179	701
12179	1239
12179	2914
12179	1
12179	3561
12179	14067
12179	6334
12184	1
12184	701
12194	701
12196	701
12197	701
12199	701
12207	1
12207	209
12210	3356
12223	701
12223	7018
12226	816
12226	577
12226	12226
12228	701
12228	1
12233	209
12237	701
12237	6347
12238	174
12238	701
12246	701
12250	6347
12261	701
12261	7018
12262	10796
12262	11955
12270	3561
12270	7018
12271	12271
12271	701
12271	7922
12271	7018
12274	701
12274	2510
12274	3561
12281	7018
12287	701
12287	3561
12291	3320
12291	1270
12292	9020
12292	1270
12331	1270
12331	12331
12331	517
12337	1273
12337	12337
12337	517
12349	1275
12349	1290
12384	1653
12395	12395
12395	3259
12395	3215
12422	3257
12423	8501
12423	8308
12448	5568
12465	1267
12471	1290
12479	702
12479	5511
12503	5430
12511	6730
12511	3303
12551	9034
12551	12551
12551	6664
12596	1849
12596	1290
12633	3292
12645	3259
12645	2917
12692	8743
12694	12694
12694	8918
12701	5378
12701	12701
12701	9057
12713	6799
12713	6453
12715	702
12765	2917
12765	1899
12797	702
12797	6762
12818	12818
12818	3339
13312	701
13312	3951
13315	1742
13315	1
13321	701
13326	145
13326	701
13327	3714
13327	13327
13327	7018
13329	11891
13329	3561
13329	1239
13335	2548
13335	701
13336	13336
13336	7018
13339	701
13343	3561
13343	7018
13346	3561
13346	7018
13359	3561
13359	10911
13360	701
13367	5006
13368	701
13371	7018
13373	7018
13374	2933
13374	1
13375	701
13375	7018
13376	3561
13376	5006
13378	701
13378	2551
13379	701
13379	1239
13380	3356
13380	701
13380	2548
13391	7018
13393	701
13398	7066
13398	11221
13399	701
13399	1239
13401	7018
13404	1239
13414	7843
13414	13414
13414	12163
13419	701
13419	3561
13419	1239
13420	7911
13421	7911
13422	7911
13429	10490
13432	4565
13432	701
13436	1740
13436	7018
13442	715
13443	701
13443	7018
13445	701
13445	1239
13454	701
13454	1239
13455	5696
13455	6128
13457	701
13457	10660
13462	2914
13471	701
13476	2914
13476	101
13488	13558
13488	1239
13488	13641
13498	1
13498	11179
13504	2055
13504	11537
13511	701
13516	701
13516	1239
13526	6172
13526	5673
13530	3320
13532	4565
13532	701
13534	701
13537	13537
13537	10910
13540	1740
13547	13547
13547	209
13549	3914
13549	13549
13549	3549
13552	7018
13553	2914
13553	6227
13554	6128
13558	7018
13558	13488
13560	7922
13560	13560
13560	7018
13564	6306
13564	209
13566	10910
13568	701
13568	1239
13570	701
13572	7018
13572	13572
13572	1239
13576	701
13576	6250
13578	7018
13578	1239
13586	701
13586	1239
13588	701
13593	701
13593	209
13599	701
13599	1
13610	6172
13614	701
13614	5650
13624	209
13624	701
13624	3561
13624	1239
13625	701
13626	701
13626	2914
13627	7018
13627	6198
13631	10912
13631	4565
13632	7018
13633	701
13633	174
13636	2914
13636	6494
13638	701
13638	1239
13641	7018
13641	13488
13642	7018
13642	6082
13659	701
13661	7925
13661	209
13662	3951
13684	5006
13688	7018
13690	4323
13707	209
13707	701
13707	1239
13707	7018
13708	48
13708	13708
13708	1
13718	1239
13718	3561
13737	10827
13739	10910
13740	701
13740	6347
13758	2548
13758	7018
13762	3561
13762	701
13765	701
13765	3850
13770	6347
13784	701
13793	701
13812	701
13813	701
13815	7018
13815	1239
13830	701
13830	10912
13832	13832
13832	701
13832	1
13835	6140
13837	701
13837	13837
13837	174
13847	7018
13847	4550
13851	701
13851	11853
13855	11255
13859	7018
13859	1239
13869	4565
13869	1239
13883	174
13883	701
13887	701
13887	1239
13888	7018
13894	701
13894	1239
13896	2548
13896	701
13916	701
13919	7018
13924	5109
13924	7018
13927	701
13931	701
13932	209
13942	1
13942	701
13952	701
13952	12019
13953	10913
13954	701
13963	11524
13964	7911
13965	7911
13965	10695
13967	13967
13967	701
13976	701
13983	701
13992	3561
13997	1225
13998	2548
14005	7018
14009	4550
14010	701
14011	1833
14021	7018
14021	1239
14031	14031
14031	683
14032	701
14034	2548
14034	701
14036	701
14036	1239
14037	701
14039	701
14045	1
14045	7018
14047	209
14047	701
14049	5673
14051	209
14051	701
14063	701
14065	7018
14067	701
14067	12179
14075	209
14075	701
14076	7018
14078	816
14082	701
14082	6347
14099	209
14107	209
14113	14113
14113	7018
14114	701
14120	701
14124	701
14124	1239
14127	701
14133	701
14143	7018
14143	701
14149	7018
14150	701
14150	1
14153	7018
14153	8079
14154	701
14155	3561
14155	1239
14194	701
14194	6347
14195	209
14195	701
14196	701
14202	14202
14202	10530
14205	701
14215	6993
14215	3356
14215	10912
14215	3561
14219	701
14219	2548
14237	209
14237	701
14243	6082
14244	1239
14244	701
14265	701
14265	3561
14279	701
14281	14313
14290	701
14291	4279
14292	701
14297	11855
14298	701
14298	1239
14299	701
14299	7018
14313	14281
14313	3356
14315	701
14315	6347
14325	701
14328	7018
14329	701
14329	1239
14330	701
14330	1239
14342	10828
14352	701
14353	209
14353	5679
14355	3356
14369	209
14373	10812
14373	5666
14390	11100
14427	209
14472	11647
14472	816
14484	209
14486	701
14486	1740
14506	701
14507	701
14507	2914
32774	7939
65105	10994
