0 2004
1 2008
2 2005
3 2005
4 2006
5 2009
6 2006
7 2005
8 2005
9 2004
10 2005
11 2003
12 2009
13 2004
14 2009
15 2009
16 2009
17 2009
18 2006
19 2008
20 2005
21 2004
22 2009
23 2007
24 2003
25 2004
26 2009
27 2007
28 2008
29 2003
30 2008
31 2006
32 2001
33 2006
34 2005
35 2005
36 2005
37 2007
38 2004
39 2004
40 2009
41 2006
42 2003
43 2007
44 2004
45 2004
46 2006
47 2005
48 2008
49 2005
50 2008
51 2006
52 2006
53 2008
54 2004
55 2005
56 2004
57 2005
58 2009
59 2002
60 2008
61 2009
62 2008
63 2004
64 2004
65 2005
66 1994
67 2006
68 2008
69 2008
70 2008
71 2008
72 1983
73 2007
74 2009
75 2008
76 2007
77 2009
78 2005
79 2008
80 2009
81 2006
82 2008
83 2006
84 2009
85 2009
86 2005
87 2007
88 2007
89 2006
90 2006
91 2005
92 2004
93 2009
94 2005
95 2006
96 2006
97 2005
98 2006
99 2007
100 2006
101 2007
102 2008
103 2008
104 2008
105 2005
106 2009
107 2002
108 2007
109 2007
110 2004
111 2007
112 2006
113 2006
114 2006
115 2002
116 2005
117 2008
118 2000
119 2003
120 2006
121 2004
122 2007
123 2009
124 2006
125 2009
126 2007
127 2009
128 2008
129 2009
130 2004
131 2004
132 2007
133 2007
134 2008
135 2005
136 2004
137 1998
138 2004
139 2007
140 2008
141 2007
142 2008
143 2004
144 2006
145 2007
146 2009
147 2007
148 2009
149 2007
150 2008
151 2007
152 2008
153 2006
154 2004
155 2003
156 2008
157 2009
158 2007
159 2009
160 2005
161 2005
162 2006
163 2009
164 2009
165 2006
166 2007
167 2004
168 2007
169 2004
170 2004
171 2009
172 2008
173 2007
174 2004
175 2007
176 2005
177 2009
178 2005
179 2006
180 2004
181 2008
182 2007
183 2009
184 2009
185 2009
186 2006
187 2009
188 2008
189 2004
190 2005
191 2004
192 2009
193 2007
194 2007
195 2004
196 2009
197 2005
198 2007
199 2008
200 2006
201 2007
202 2008
203 2007
204 2005
205 2005
206 2005
207 2005
208 2006
209 2005
210 2006
211 2006
212 2008
213 2005
214 2009
215 2005
216 2009
217 2006
218 2007
219 2008
220 2005
221 2006
222 2008
223 2009
224 2004
225 2005
226 2005
227 2000
228 2008
229 2009
230 2004
231 2006
232 2006
233 2008
234 2004
235 2007
236 2003
237 2005
238 2009
239 2004
240 2006
241 2009
242 2004
243 2006
244 1996
245 2007
246 2009
247 2008
248 2006
249 2005
250 2007
251 2006
252 2007
253 2005
254 2007
255 1983
256 2004
257 2003
258 2005
259 2007
260 2006
261 2007
262 2009
263 2003
264 2007
265 2004
266 2005
267 2008
268 2005
269 2006
270 2008
271 2009
272 2006
273 2007
274 2008
275 2009
276 2004
277 2007
278 2006
279 2006
280 2007
281 2005
282 2005
283 2008
284 2008
285 2008
286 2006
287 2005
288 2005
289 2004
290 2005
291 2006
292 2007
293 2005
294 2005
295 2004
296 2005
297 2009
298 2004
299 2005
300 2004
301 2006
302 2002
303 2000
304 2006
305 2009
306 2009
307 2004
308 2004
309 2005
310 2009
311 2005
312 2003
313 2009
314 2007
315 2004
316 2006
317 2008
318 2007
319 2009
320 2009
321 2006
322 2005
323 2009
324 2003
325 2006
326 2006
327 2006
328 1996
329 2007
330 2005
331 2004
332 2004
333 2008
334 2009
335 2004
336 2001
337 2008
338 2007
339 2006
340 2009
341 2008
342 2006
343 2007
344 2007
345 2007
346 2009
347 2006
348 2009
349 2006
350 2004
351 2004
352 2009
353 2009
354 2005
355 2004
356 2006
357 2009
358 2006
359 2007
360 2004
361 2008
362 2002
363 2010
364 2009
365 2005
366 2009
367 2006
368 2002
369 2005
370 2005
371 2006
372 2008
373 2004
374 2004
375 2009
376 2008
377 2006
378 2005
379 2006
380 2008
381 2008
382 2009
383 2008
384 2007
385 2008
386 2002
387 2007
388 2004
389 2008
390 2009
391 2007
392 2003
393 2003
394 2007
395 2007
396 2008
397 2004
398 2006
399 2008
400 2004
401 2007
402 2005
403 2008
404 2009
405 2004
406 2006
407 2004
408 2005
409 2008
410 2009
411 2002
412 2009
413 2003
414 2008
415 2008
416 2004
417 2004
418 2005
419 2006
420 2009
421 2005
422 2005
423 2009
424 2005
425 2009
426 2004
427 2009
428 2005
429 2006
430 2004
431 2007
432 1916
433 2006
434 2008
435 2006
436 2008
437 2005
438 2008
439 2007
440 2007
441 2005
442 2009
443 2009
444 2008
445 2006
446 2008
447 2006
448 2007
449 2007
450 2006
451 2008
452 2005
453 2008
454 2008
455 2006
456 2006
457 2006
458 2008
459 2006
460 2006
461 2004
462 2006
463 2008
464 2007
465 2005
466 2007
467 2007
468 2009
469 2004
470 2007
471 2006
472 2007
473 2004
474 2009
475 2008
476 2007
477 2008
478 2004
479 2006
480 2007
481 2007
482 2008
483 2004
484 2007
485 2007
486 2008
487 2004
488 2006
489 2005
490 2000
491 2004
492 2005
493 2007
494 2007
495 2007
496 2006
497 2006
498 2005
499 2009
500 2005
501 2005
502 2008
503 2006
504 2009
505 2008
506 2007
507 2007
508 2008
509 2006
510 2005
511 2009
512 2006
513 2009
514 2009
515 2003
516 2004
517 2006
518 2005
519 2004
520 2006
521 2006
522 2005
523 2008
524 2003
525 2002
526 2008
527 2005
528 2008
529 2006
530 2005
531 2003
532 2004
533 2009
534 2005
535 2008
536 2006
537 2000
538 2009
539 2004
540 2008
541 2008
542 2005
543 2005
544 2005
545 2007
546 2003
547 2005
548 2008
549 2008
550 2009
551 2008
552 2007
553 2004
554 2008
555 2007
556 2009
557 2006
558 2005
559 2006
560 2005
561 2009
562 2005
563 2008
564 2008
565 2009
566 2006
567 2007
568 2008
569 2005
570 2008
571 2008
572 2009
573 2009
574 2004
575 2006
576 2009
577 2008
578 2006
579 2005
580 2007
581 2007
582 2009
583 2005
584 2009
585 2004
586 2006
587 2007
588 2006
589 2008
590 2007
591 2008
592 2004
593 2009
594 2009
595 2005
596 2006
597 2005
598 2006
599 2004
600 2005
601 2008
602 2005
603 2006
604 2006
605 2005
606 2009
607 2006
608 2005
609 2008
610 2008
611 2007
612 2006
613 2006
614 2007
615 2007
616 2005
617 2006
618 2005
619 2007
620 2005
621 2008
622 2005
623 2008
624 2007
625 2005
626 2008
627 2006
628 2005
629 2003
630 2004
631 2009
632 2009
633 2009
634 2009
635 2004
636 2001
637 2009
638 2004
639 2005
640 2008
641 2009
642 2005
643 2006
644 2008
645 2004
646 2004
647 2009
648 2006
649 2009
650 2007
651 2006
652 2002
653 2009
654 2005
655 2002
656 2006
657 2006
658 2004
659 2006
660 2007
661 2004
662 2008
663 2009
664 2004
665 2006
666 2008
667 2008
668 2008
669 2006
670 2009
671 2004
672 2004
673 2004
674 2007
675 2005
676 2004
677 2005
678 2010
679 2008
680 2008
681 2001
682 2005
683 2007
684 2007
685 2004
686 2005
687 2009
688 2005
689 2004
690 2005
691 2006
692 2006
693 2007
694 2009
695 2005
696 2009
697 2005
698 2008
699 2004
700 2009
701 2008
702 2007
703 2007
704 2006
705 2007
706 2006
707 2008
708 2009
709 2007
710 2005
711 2005
712 2008
713 2006
714 2009
715 2008
716 2008
717 2009
718 2007
719 2006
720 2008
721 2007
722 2004
723 2003
724 2004
725 2008
726 2004
727 2007
728 2004
729 2009
730 2009
731 2003
732 2002
733 2008
734 2007
735 2006
736 2007
737 2008
738 2005
739 2007
740 2009
741 2003
742 2006
743 2007
744 2007
745 2007
746 2005
747 2006
748 2006
749 2005
750 2009
751 2008
752 2006
753 2004
754 2005
755 2007
756 2008
757 2007
758 2009
759 2003
760 2005
761 2005
762 2004
763 2008
764 2006
765 2009
766 2009
767 2004
768 2004
769 2008
770 2008
771 2005
772 2005
773 2005
774 2009
775 2007
776 2004
777 2008
778 2004
779 2009
780 2007
781 2006
782 2008
783 2005
784 2007
785 2008
786 2008
787 2008
788 2007
789 2004
790 2004
791 2005
792 2006
793 2008
794 2005
795 2003
796 2009
797 2001
798 2006
799 2007
800 2007
801 2006
802 2009
803 2004
804 2004
805 2003
806 2009
807 2007
808 2008
809 2007
810 2007
811 2005
812 2005
813 2009
814 2006
815 2005
816 2006
817 2008
818 2008
819 2007
820 2009
821 2009
822 2003
823 2007
824 2008
825 2009
826 2009
827 2003
828 2008
829 2005
830 2007
831 2008
832 2005
833 2008
834 2005
835 2009
836 2006
837 2006
838 2005
839 2008
840 2008
841 2006
842 2008
843 2006
844 2003
845 2005
846 2004
847 2009
848 2008
849 2007
850 2004
851 2009
852 2005
853 2008
854 2007
855 2009
856 2005
857 2005
858 2010
859 2005
860 2005
861 2006
862 2007
863 2003
864 2008
865 2008
866 2005
867 2006
868 2008
869 2009
870 2009
871 2005
872 2009
873 2008
874 2009
875 2005
876 2005
877 2009
878 2005
879 2006
880 2005
881 2007
882 2008
883 2008
884 2002
885 2008
886 2004
887 2006
888 2006
889 2004
890 2004
891 2006
892 2004
893 2003
894 2005
895 2009
896 2005
897 2007
898 2005
899 2006
900 2008
901 2007
902 2005
903 2002
904 2006
905 2006
906 2006
907 2004
908 2003
909 2009
910 2008
911 2009
912 2009
913 2008
914 2005
915 2004
916 2007
917 2002
918 2004
919 2007
920 2007
921 2003
922 2005
923 2008
924 2004
925 2009
926 2005
927 2008
928 2007
929 2007
930 2003
931 2004
932 2007
933 2004
934 2007
935 2003
936 2008
937 2005
938 2009
939 2008
940 2005
941 2004
942 2008
943 2004
944 2003
945 2004
946 2007
947 2005
948 2008
949 2007
950 2006
951 2007
952 2006
953 2008
954 2009
955 2007
956 2006
957 2005
958 2006
959 2009
960 2005
961 2005
962 2009
963 2004
964 2004
965 2007
966 2007
967 2005
968 2006
969 2007
970 2004
971 2005
972 2005
973 2004
974 2009
975 2004
976 2009
977 2009
978 2004
979 2008
980 2002
981 2007
982 2008
983 2005
984 2008
985 2004
986 2008
987 2009
988 2003
989 2005
990 2003
991 2007
992 2008
993 2008
994 2006
995 2005
996 2007
997 2004
998 2004
999 2006
1000 2009
1001 2006
1002 2006
1003 2008
1004 2005
1005 2004
1006 2007
1007 2004
1008 2005
1009 2005
1010 2002
1011 2005
1012 1999
1013 2009
1014 2005
1015 2008
1016 2007
1017 2007
1018 2008
1019 2009
1020 2008
1021 2007
1022 2007
1023 2004
1024 2008
1025 2004
1026 2008
1027 2008
1028 2006
1029 2004
1030 2006
1031 2005
1032 2009
1033 2007
1034 2007
1035 2008
1036 2004
1037 2009
1038 2005
1039 2006
1040 2004
1041 2006
1042 2008
1043 2008
1044 2007
1045 2008
1046 2008
1047 2005
1048 2004
1049 2007
1050 2005
1051 2006
1052 2006
1053 2001
1054 2006
1055 2004
1056 2007
1057 2007
1058 2005
1059 2009
1060 2007
1061 2000
1062 2005
1063 2008
1064 1999
1065 2005
1066 2006
1067 2006
1068 2006
1069 2008
1070 2004
1071 2006
1072 2004
1073 2004
1074 2005
1075 2004
1076 2005
1077 2007
1078 2007
1079 2004
1080 2009
1081 2006
1082 2005
1083 2005
1084 2007
1085 2005
1086 2007
1087 2005
1088 2007
1089 2007
1090 2009
1091 2009
1092 2008
1093 2008
1094 2007
1095 2007
1096 2005
1097 2005
1098 2008
1099 2004
1100 1996
1101 2008
1102 2009
1103 2008
1104 2005
1105 2008
1106 2008
1107 2007
1108 2008
1109 2005
1110 2005
1111 2006
1112 2008
1113 2006
1114 2008
1115 2008
1116 2003
1117 2007
1118 2005
1119 2006
1120 2004
1121 2005
1122 2008
1123 2004
1124 2005
1125 2008
1126 2004
1127 2007
1128 2008
1129 2003
1130 2007
1131 2004
1132 2006
1133 2003
1134 2006
1135 2008
1136 2005
1137 2007
1138 2004
1139 2010
1140 2007
1141 2006
1142 2005
1143 2007
1144 2002
1145 2006
1146 2005
1147 2008
1148 2004
1149 2008
1150 2008
1151 2006
1152 2005
1153 2008
1154 2006
1155 2004
1156 2008
1157 2006
1158 2005
1159 2004
1160 2008
1161 2007
1162 2009
1163 2008
1164 2004
1165 2008
1166 2005
1167 2008
1168 2006
1169 2004
1170 2006
1171 2006
1172 2007
1173 2001
1174 2004
1175 2005
1176 2004
1177 2004
1178 2004
1179 2002
1180 2008
1181 2008
1182 2007
1183 2006
1184 2006
1185 2007
1186 2006
1187 2004
1188 2009
1189 2008
1190 2004
1191 2005
1192 2007
1193 2005
1194 2008
1195 2004
1196 2007
1197 2006
1198 2010
1199 2004
1200 2005
1201 2004
1202 2006
1203 2005
1204 2009
1205 2007
1206 2006
1207 2007
1208 2004
1209 2006
1210 2005
1211 2007
1212 2005
1213 2005
1214 2008
1215 2002
1216 2008
1217 2007
1218 2005
1219 2009
1220 2003
1221 2006
1222 2008
1223 2006
1224 2006
1225 2008
1226 2007
1227 2008
1228 2007
1229 2009
1230 2006
1231 2003
1232 2009
1233 2000
1234 2006
1235 2009
1236 1996
1237 2005
1238 2010
1239 2007
1240 2009
1241 2006
1242 2009
1243 2009
1244 2008
1245 2004
1246 2007
1247 2006
1248 2007
1249 2007
1250 2006
1251 2006
1252 2006
1253 2004
1254 2005
1255 2004
1256 2007
1257 2006
1258 2007
1259 2008
1260 2006
1261 2004
1262 2007
1263 2006
1264 2008
1265 2006
1266 2008
1267 2008
1268 2003
1269 2007
1270 2004
1271 2009
1272 2003
1273 2004
1274 2007
1275 2008
1276 2006
1277 2005
1278 2008
1279 2008
1280 2008
1281 2009
1282 2008
1283 2006
1284 2007
1285 2005
1286 2009
1287 2006
1288 2007
1289 2008
1290 2006
1291 2006
1292 2006
1293 1998
1294 2008
1295 1998
1296 2006
1297 2005
1298 2004
1299 2006
1300 2005
1301 2006
1302 2009
1303 1996
1304 2008
1305 2005
1306 2003
1307 2008
1308 2008
1309 2009
1310 2004
1311 2009
1312 2006
1313 2006
1314 2005
1315 2005
1316 2008
1317 2005
1318 2006
1319 2007
1320 2009
1321 2003
1322 2008
1323 2005
1324 2008
1325 2007
1326 2009
1327 2008
1328 2006
1329 2008
1330 2007
1331 2007
1332 2006
1333 2008
1334 2006
1335 2004
1336 2004
1337 2005
1338 2006
1339 2009
1340 2005
1341 2005
1342 2006
1343 2004
1344 2005
1345 2009
1346 2008
1347 2008
1348 2008
1349 2009
1350 2008
1351 2006
1352 2006
1353 2006
1354 2007
1355 2006
1356 2003
1357 2002
1358 2005
1359 2006
1360 2009
1361 2005
1362 2005
1363 2007
1364 2005
1365 2008
1366 2005
1367 2009
1368 2008
1369 2007
1370 2009
1371 2008
1372 2006
1373 2006
1374 2006
1375 2008
1376 2008
1377 2009
1378 2004
1379 2006
1380 2004
1381 2007
1382 2005
1383 2008
1384 2006
1385 2009
1386 2007
1387 2008
1388 2008
1389 2005
1390 2005
1391 2005
1392 2008
1393 2008
1394 2006
1395 2003
1396 2008
1397 2010
1398 2008
1399 2008
1400 2009
1401 2008
1402 2004
1403 2005
1404 2006
1405 2006
1406 2008
1407 2005
1408 2004
1409 2006
1410 2006
1411 2008
1412 2004
1413 2006
1414 2005
1415 2005
1416 2006
1417 1995
1418 2007
1419 2005
1420 2006
1421 2007
1422 2005
1423 2004
1424 2005
1425 2004
1426 2006
1427 2005
1428 2009
1429 2010
1430 2006
1431 2004
1432 2005
1433 1998
1434 2007
1435 2004
1436 2004
1437 2002
1438 2007
1439 2004
1440 2007
1441 2009
1442 2007
1443 2009
1444 2000
1445 2006
1446 2007
1447 2008
1448 2006
1449 2007
1450 2007
1451 2009
1452 2006
1453 2008
1454 2005
1455 2007
1456 2003
1457 2006
1458 2004
1459 2007
1460 2006
1461 2009
1462 2009
1463 2006
1464 2009
1465 2008
1466 2005
1467 2005
1468 2006
1469 2007
1470 2006
1471 2007
1472 2005
1473 2005
1474 2005
1475 2004
1476 2004
1477 2007
1478 2004
1479 2006
1480 2007
1481 2005
1482 2009
1483 2007
1484 2009
1485 2009
1486 2009
1487 2009
1488 2004
1489 2005
1490 2005
1491 2008
1492 2004
1493 2005
1494 2008
1495 2005
1496 2003
1497 2007
1498 2007
1499 2007
1500 2008
1501 2006
1502 2007
1503 2009
1504 2004
1505 2009
1506 2005
1507 2008
1508 2005
1509 2008
1510 2009
1511 2006
1512 2008
1513 2003
1514 2003
1515 2007
1516 2009
1517 2007
1518 2008
1519 2007
1520 2004
1521 2006
1522 2007
1523 2006
1524 2006
1525 2009
1526 2007
1527 2006
1528 2009
1529 2007
1530 2006
1531 2007
1532 2009
1533 2004
1534 2009
1535 2006
1536 2007
1537 2007
1538 2006
1539 2009
1540 2007
1541 2001
1542 2006
1543 2009
1544 2008
1545 2007
1546 2007
1547 2007
1548 2008
1549 1989
1550 2004
1551 2005
1552 2004
1553 2007
1554 2007
1555 2005
1556 2005
1557 2008
1558 2005
1559 2007
1560 2008
1561 2004
1562 2008
1563 2004
1564 2005
1565 2006
1566 2006
1567 2007
1568 2007
1569 2007
1570 2008
1571 2007
1572 2005
1573 2007
1574 2005
1575 2005
1576 2005
1577 2003
1578 2004
1579 2007
1580 2007
1581 2007
1582 2009
1583 2007
1584 2006
1585 2007
1586 2005
1587 2007
1588 2008
1589 2007
1590 2004
1591 2006
1592 2009
1593 2005
1594 2008
1595 2005
1596 2007
1597 2004
1598 2009
1599 2005
1600 2008
1601 2008
1602 2008
1603 2006
1604 2008
1605 2006
1606 2005
1607 2004
1608 2005
1609 2008
1610 2009
1611 2007
1612 2005
1613 2005
1614 2009
1615 2005
1616 2007
1617 2008
1618 2008
1619 2007
1620 2006
1621 2009
1622 2008
1623 2007
1624 2007
1625 2005
1626 2007
1627 2007
1628 2006
1629 2007
1630 2006
1631 2004
1632 2007
1633 2005
1634 2006
1635 2009
1636 2003
1637 1988
1638 2005
1639 2007
1640 2004
1641 2006
1642 2009
1643 2006
1644 2009
1645 2008
1646 2008
1647 2009
1648 2005
1649 2008
1650 2005
1651 2006
1652 2007
1653 2006
1654 2006
1655 2008
1656 2009
1657 2009
1658 2002
1659 2006
1660 2008
1661 2008
1662 2006
1663 2007
1664 2005
1665 2007
1666 2009
1667 2009
1668 2004
1669 2008
1670 2009
1671 2008
1672 2005
1673 2008
1674 2005
1675 2007
1676 2006
1677 1983
1678 2005
1679 2005
1680 2007
1681 2007
1682 2006
1683 2009
1684 2009
1685 2005
1686 2007
1687 2006
1688 2009
1689 2006
1690 2007
1691 2004
1692 2004
1693 2009
1694 2007
1695 2008
1696 2008
1697 2004
1698 2006
1699 2009
1700 2008
1701 2009
1702 2005
1703 2007
1704 2008
1705 2003
1706 2006
1707 2006
1708 2008
1709 2004
1710 2007
1711 2008
1712 2008
1713 2009
1714 2008
1715 2008
1716 2007
1717 2008
1718 2006
1719 2006
1720 2009
1721 2007
1722 2009
1723 2008
1724 2006
1725 2009
1726 2008
1727 2005
1728 2008
1729 2006
1730 2005
1731 2007
1732 2006
1733 2007
1734 2008
1735 2004
1736 2009
1737 2009
1738 2004
1739 2009
1740 2004
1741 2005
1742 2005
1743 2006
1744 2007
1745 2005
1746 2004
1747 2008
1748 2006
1749 2007
1750 2006
1751 2009
1752 2008
1753 2005
1754 2005
1755 2004
1756 2005
1757 2006
1758 2002
1759 2006
1760 2009
1761 2004
1762 2004
1763 2005
1764 2006
1765 2008
1766 2006
1767 2005
1768 2009
1769 2007
1770 2004
1771 2007
1772 2007
1773 2004
1774 2006
1775 2008
1776 2008
1777 2007
1778 2005
1779 2006
1780 2008
1781 2007
1782 2008
1783 2003
1784 2004
1785 2008
1786 2007
1787 2006
1788 2006
1789 1997
1790 2005
1791 2004
1792 2006
1793 2004
1794 2009
1795 2008
1796 2007
1797 2006
1798 2007
1799 2009
1800 2007
1801 2007
1802 2009
1803 2004
1804 2005
1805 2009
1806 2009
1807 2007
1808 2006
1809 2005
1810 2001
1811 2005
1812 2006
1813 2007
1814 2007
1815 2004
1816 2003
1817 2008
1818 2003
1819 2007
1820 2001
1821 2004
1822 2009
1823 2007
1824 2008
1825 2007
1826 2004
1827 2007
1828 2002
1829 2005
1830 2009
1831 2008
1832 2000
1833 2005
1834 2008
1835 2009
1836 2008
1837 2002
1838 2006
1839 2006
1840 2003
1841 2007
1842 2006
1843 2004
1844 2005
1845 2006
1846 2005
1847 2003
1848 2008
1849 2007
1850 2008
1851 2006
1852 2005
1853 2008
1854 2007
1855 2006
1856 2008
1857 2006
1858 2009
1859 2004
1860 2009
1861 2009
1862 2008
1863 2004
1864 2009
1865 2004
1866 2006
1867 2005
1868 2005
1869 2006
1870 2006
1871 1950
1872 2006
1873 2008
1874 2009
1875 2008
1876 2005
1877 2008
1878 2009
1879 2006
1880 2006
1881 2009
1882 2005
1883 2004
1884 2009
1885 2008
1886 2007
1887 2008
1888 2004
1889 2007
1890 2006
1891 2009
1892 2004
1893 2003
1894 2005
1895 2008
1896 2007
1897 2004
1898 2008
1899 2009
1900 2008
1901 2004
1902 2008
1903 2008
1904 2008
1905 2008
1906 2003
1907 2006
1908 2009
1909 2008
1910 2001
1911 2004
1912 2006
1913 2006
1914 2008
1915 2009
1916 2004
1917 2009
1918 2004
1919 2006
1920 2007
1921 2007
1922 2005
1923 2010
1924 2007
1925 2006
1926 2003
1927 2005
1928 1999
1929 2007
1930 2007
1931 2005
1932 2008
1933 2006
1934 2002
1935 2009
1936 2005
1937 2009
1938 2007
1939 2009
1940 2004
1941 1998
1942 2004
1943 2000
1944 2007
1945 2009
1946 2009
1947 2009
1948 2009
1949 2009
1950 2007
1951 2009
1952 2006
1953 2003
1954 2005
1955 2003
1956 2006
1957 2009
1958 2002
1959 2003
1960 2008
1961 2005
1962 2006
1963 2007
1964 2008
1965 2009
1966 2003
1967 2007
1968 2004
1969 2006
1970 2006
1971 2008
1972 2006
1973 2008
1974 2005
1975 2007
1976 2007
1977 2007
1978 2006
1979 2005
1980 2006
1981 2001
1982 2009
1983 2006
1984 2004
1985 2009
1986 2008
1987 2006
1988 2004
1989 1973
1990 2006
1991 2006
1992 2007
1993 2007
1994 2003
1995 2007
1996 2006
1997 2005
1998 2007
1999 2008
2000 2008
2001 2003
2002 2006
2003 2006
2004 2006
2005 2007
2006 2009
2007 2009
2008 2006
2009 2007
2010 2009
2011 2004
2012 2005
2013 2008
2014 2006
2015 2005
2016 2005
2017 2007
2018 2009
2019 2004
2020 2009
2021 2004
2022 2009
2023 2004
2024 2007
2025 2006
2026 2007
2027 2005
2028 2008
2029 2005
2030 2005
2031 2009
2032 2010
2033 2004
2034 2009
2035 2008
2036 2004
2037 2004
2038 2007
2039 2009
2040 2006
2041 2008
2042 2004
2043 2009
2044 2005
2045 2008
2046 2006
2047 2004
2048 2005
2049 2004
2050 2009
2051 2007
2052 2006
2053 2005
2054 2007
2055 2009
2056 2008
2057 2004
2058 2008
2059 2006
2060 2004
2061 2004
2062 2006
2063 2003
2064 2007
2065 2006
2066 2006
2067 2005
2068 2007
2069 2006
2070 2005
2071 2003
2072 2008
2073 2006
2074 2008
2075 2007
2076 2004
2077 2009
2078 2007
2079 2009
2080 2007
2081 2006
2082 2007
2083 2006
2084 2005
2085 2006
2086 2004
2087 2008
2088 2006
2089 2001
2090 2006
2091 2009
2092 2009
2093 2009
2094 2006
2095 2006
2096 2007
2097 2004
2098 2008
2099 2008
2100 2007
2101 2006
2102 2006
2103 2005
2104 2007
2105 2008
2106 2008
2107 2004
2108 2006
2109 2005
2110 2005
2111 2000
2112 2007
2113 2009
2114 2008
2115 2005
2116 2008
2117 2005
2118 2006
2119 2006
2120 2006
2121 2007
2122 2009
2123 2007
2124 2008
2125 2009
2126 2002
2127 2007
2128 2008
2129 2009
2130 2008
2131 2008
2132 2005
2133 2006
2134 2008
2135 2006
2136 2004
2137 2005
2138 2008
2139 2005
2140 2006
2141 2002
2142 2009
2143 2005
2144 2008
2145 2008
2146 2008
2147 2004
2148 2007
2149 2007
2150 2007
2151 2005
2152 2005
2153 2005
2154 2006
2155 2006
2156 2005
2157 2006
2158 2005
2159 2007
2160 2005
2161 2008
2162 2007
2163 2008
2164 2004
2165 2004
2166 2008
2167 2006
2168 2007
2169 2004
2170 2009
2171 2008
2172 2006
2173 2006
2174 2004
2175 2007
2176 2009
2177 2007
2178 2009
2179 2003
2180 2009
2181 2009
2182 2009
2183 2004
2184 2006
2185 2004
2186 2004
2187 2007
2188 2007
2189 2006
2190 2007
2191 2009
2192 2009
2193 2005
2194 2009
2195 2009
2196 2005
2197 2008
2198 2009
2199 2010
2200 2006
2201 2009
2202 2009
2203 2006
2204 2004
2205 2006
2206 2009
2207 2009
2208 2001
2209 2007
2210 2008
2211 2007
2212 2008
2213 2004
2214 2005
2215 2005
2216 2006
2217 2005
2218 2005
2219 2006
2220 2004
2221 2005
2222 2003
2223 2004
2224 2009
2225 2004
2226 2007
2227 2007
2228 2004
2229 2005
2230 2008
2231 2008
2232 2007
2233 2006
2234 2003
2235 2002
2236 2004
2237 2006
2238 2009
2239 2007
2240 2009
2241 2003
2242 2008
2243 2007
2244 2009
2245 2008
2246 2006
2247 2004
2248 2007
2249 2009
2250 2006
2251 2005
2252 2004
2253 2008
2254 2005
2255 2008
2256 2008
2257 2006
2258 2004
2259 2008
2260 2005
2261 2008
2262 2008
2263 2004
2264 2002
2265 2005
2266 2004
2267 2004
2268 2009
2269 2007
2270 2009
2271 2005
2272 2009
2273 2003
2274 2009
2275 2007
2276 2005
2277 2004
2278 2008
2279 2008
2280 2006
2281 2005
2282 2005
2283 2004
2284 2009
2285 2003
2286 2006
2287 2006
2288 2007
2289 2006
2290 2006
2291 2005
2292 2005
2293 2009
2294 2009
2295 2005
2296 2006
2297 2008
2298 2008
2299 2006
2300 2004
2301 2008
2302 2007
2303 2007
2304 2004
2305 2005
2306 2009
2307 2007
2308 2008
2309 2005
2310 2005
2311 2009
2312 2005
2313 2004
2314 2000
2315 2005
2316 1983
2317 2006
2318 2007
2319 2007
2320 2008
2321 2006
2322 2008
2323 2006
2324 2004
2325 2008
2326 2006
2327 2009
2328 2009
2329 2004
2330 2006
2331 2009
2332 2005
2333 2006
2334 2009
2335 2007
2336 2004
2337 2008
2338 2006
2339 2006
2340 2007
2341 2008
2342 2004
2343 2005
2344 2009
2345 2008
2346 2009
2347 2009
2348 2004
2349 2003
2350 2004
2351 2006
2352 2007
2353 2004
2354 2008
2355 2008
2356 2008
2357 2009
2358 2004
2359 2007
2360 2003
2361 2008
2362 2009
2363 2006
2364 2007
2365 2009
2366 2006
2367 2008
2368 2001
2369 2006
2370 2008
2371 2007
2372 2009
2373 2006
2374 2008
2375 2005
2376 2008
2377 2004
2378 2004
2379 2005
2380 2006
2381 2007
2382 2007
2383 2008
2384 2006
2385 2007
2386 2004
2387 2004
2388 2005
2389 2003
2390 2005
2391 2004
2392 2010
2393 2007
2394 2006
2395 2007
2396 2009
2397 2006
2398 2008
2399 2008
2400 2006
2401 2004
2402 2009
2403 2007
2404 2003
2405 2001
2406 2005
2407 2007
2408 2005
2409 2008
2410 2009
2411 2008
2412 2002
2413 2005
2414 2005
2415 2007
2416 2006
2417 2006
2418 2008
2419 2006
2420 2010
2421 2009
2422 2004
2423 2008
2424 2008
2425 2006
2426 2008
2427 2006
2428 2005
2429 2005
2430 2007
2431 2008
2432 2006
2433 2008
2434 2008
2435 2009
2436 2006
2437 2009
2438 2008
2439 2007
2440 2009
2441 2006
2442 2009
2443 2006
2444 2009
2445 2005
2446 2009
2447 2007
2448 2005
2449 2004
2450 2006
2451 2009
2452 2009
2453 2004
2454 2005
2455 2004
2456 2004
2457 2008
2458 2009
2459 2005
2460 2007
2461 2003
2462 2009
2463 2007
2464 2006
2465 2010
2466 2008
2467 2009
2468 2009
2469 2009
2470 2003
2471 2008
2472 2006
2473 2005
2474 2008
2475 2008
2476 2007
2477 2005
2478 2004
2479 2003
2480 2007
2481 2007
2482 2006
2483 2003
2484 2007
2485 2005
2486 2009
2487 2003
2488 2008
2489 2008
2490 2009
2491 2007
2492 2009
2493 2008
2494 2004
2495 2006
2496 2004
2497 2007
2498 2009
2499 2008
2500 2004
2501 2007
2502 2007
2503 2007
2504 2006
2505 2005
2506 2009
2507 2006
2508 2006
2509 2005
2510 2008
2511 2005
2512 2005
2513 2005
2514 2004
2515 2007
2516 2007
2517 2010
2518 2009
2519 2009
2520 2007
2521 2004
2522 2007
2523 2006
2524 2009
2525 2005
2526 2008
2527 2004
2528 2008
2529 2004
2530 2006
2531 2008
2532 2006
2533 2008
2534 2008
2535 2005
2536 2001
2537 2004
2538 2006
2539 2007
2540 2006
2541 2007
2542 2008
2543 2009
2544 2008
2545 2008
2546 2008
2547 2002
2548 2007
2549 2005
2550 2007
2551 2007
2552 2008
2553 2006
2554 2003
2555 2008
2556 2004
2557 2000
2558 2008
2559 2002
2560 2009
2561 2005
2562 2007
2563 2008
2564 2007
2565 2008
2566 2005
2567 2009
2568 2010
2569 2004
2570 2009
2571 2007
2572 2006
2573 2007
2574 2006
2575 2005
2576 2004
2577 2009
2578 2003
2579 2009
2580 2008
2581 2007
2582 2004
2583 2006
2584 2008
2585 2007
2586 2009
2587 2008
2588 2006
2589 2006
2590 2006
2591 2005
2592 2007
2593 2007
2594 2006
2595 2008
2596 2005
2597 2006
2598 2009
2599 2005
2600 2004
2601 2009
2602 2007
2603 2004
2604 2009
2605 2006
2606 2005
2607 2006
2608 2008
2609 2005
2610 2006
2611 2004
2612 2003
2613 2007
2614 2006
2615 2006
2616 2007
2617 2005
2618 2005
2619 2008
2620 2005
2621 2002
2622 2003
2623 2006
2624 2006
2625 2007
2626 2007
2627 2006
2628 2005
2629 2005
2630 2009
2631 2007
2632 2004
2633 2005
2634 2006
2635 2007
2636 2009
2637 2008
2638 2007
2639 2009
2640 2006
2641 2007
2642 2008
2643 2009
2644 2006
2645 2009
2646 2009
2647 2005
2648 2007
2649 2003
2650 2007
2651 2008
2652 2004
2653 2009
2654 2009
2655 2007
2656 2008
2657 2007
2658 2010
2659 2007
2660 2008
2661 2009
2662 2006
2663 2004
2664 2005
2665 2001
2666 2002
2667 2006
2668 2003
2669 2009
2670 2008
2671 2005
2672 2004
2673 2004
2674 2009
2675 2007
2676 2003
2677 2009
2678 2006
2679 2009
2680 2006
2681 2009
2682 2007
2683 2009
2684 2006
2685 2004
2686 2008
2687 2009
2688 2006
2689 2003
2690 2005
2691 2008
2692 2006
2693 2004
2694 2005
2695 2006
2696 2004
2697 2004
2698 2009
2699 2006
2700 2008
2701 2005
2702 2005
2703 2005
2704 2006
2705 2009
2706 2008
2707 2007
2708 1975
2709 2008
2710 2006
2711 2009
2712 2004
2713 2007
2714 2009
2715 2008
2716 2007
2717 2006
2718 2005
2719 2008
2720 2008
2721 2004
2722 2005
2723 2007
2724 2009
2725 2007
2726 2004
2727 2004
2728 2008
2729 2006
2730 2009
2731 2005
2732 2008
2733 2008
2734 2008
2735 2003
2736 2004
2737 2008
2738 2005
2739 2007
2740 2008
2741 2007
2742 2008
2743 2007
2744 2008
2745 2009
2746 2005
2747 2005
2748 2006
2749 2005
2750 2008
2751 2001
2752 2005
2753 2006
2754 2008
2755 2008
2756 2009
2757 2006
2758 2005
2759 2009
2760 2004
2761 2004
2762 2007
2763 2007
2764 2006
2765 2005
2766 2008
2767 2008
2768 2007
2769 2008
2770 2005
2771 2005
2772 2009
2773 2002
2774 2007
2775 2004
2776 2007
2777 2004
2778 2009
2779 2002
2780 2009
2781 2007
2782 2007
2783 2006
2784 2004
2785 2005
2786 2008
2787 2003
2788 2009
2789 2006
2790 2007
2791 2005
2792 2005
2793 2003
2794 2005
2795 2005
2796 2007
2797 2008
2798 2005
2799 2006
2800 2006
2801 2009
2802 2006
2803 2008
2804 2006
2805 2006
2806 2002
2807 2005
2808 2005
2809 2001
2810 2007
2811 2007
2812 2006
2813 2004
2814 2004
2815 2008
2816 2005
2817 2010
2818 2007
2819 2009
2820 2008
2821 2008
2822 2007
2823 2006
2824 2009
2825 2007
2826 2005
2827 2006
2828 2008
2829 2004
2830 2006
2831 2004
2832 2007
2833 2009
2834 2001
2835 2008
2836 2008
2837 2005
2838 2008
2839 2004
2840 2004
2841 2004
2842 2006
2843 2009
2844 2008
2845 2006
2846 2009
2847 2008
2848 2005
2849 2005
2850 2004
2851 2008
2852 2006
2853 2009
2854 2006
2855 2009
2856 2007
2857 2008
2858 2005
2859 2009
2860 2004
2861 2005
2862 2010
2863 2006
2864 2006
2865 2008
2866 2003
2867 2008
2868 2006
2869 2006
2870 2009
2871 2005
2872 2006
2873 2008
2874 2008
2875 2007
2876 2009
2877 2006
2878 2008
2879 2009
2880 2006
2881 2007
2882 2009
2883 2006
2884 2009
2885 2007
2886 2005
2887 2005
2888 2009
2889 2004
2890 2006
2891 2005
2892 2004
2893 2008
2894 2008
2895 2006
2896 2005
2897 2007
2898 2004
2899 2005
2900 2009
2901 2006
2902 2010
2903 2005
2904 2007
2905 2008
2906 2006
2907 2008
2908 2009
2909 2008
2910 2006
2911 2007
2912 2007
2913 2004
2914 2005
2915 2009
2916 2007
2917 2009
2918 2007
2919 2004
2920 2004
2921 2008
2922 2004
2923 2009
2924 2005
2925 2008
2926 2007
2927 2007
2928 2005
2929 2006
2930 2002
2931 2007
2932 2009
2933 2009
2934 2009
2935 2009
2936 2005
2937 2003
2938 2004
2939 2007
2940 2009
2941 2007
2942 2005
2943 2004
2944 2004
2945 2005
2946 2009
2947 2006
2948 2006
2949 2006
2950 2007
2951 2005
2952 2003
2953 2008
2954 2008
2955 2008
2956 2007
2957 2007
2958 2003
2959 2005
2960 2007
2961 2007
2962 2006
2963 2005
2964 2007
2965 2006
2966 2004
2967 2003
2968 2005
2969 2004
2970 2008
2971 2009
2972 2007
2973 2005
2974 2006
2975 2005
2976 2005
2977 2006
2978 2006
2979 1900
2980 2006
2981 2004
2982 2005
2983 2004
2984 2005
2985 2007
2986 2008
2987 2007
2988 2007
2989 2007
2990 2008
2991 2010
2992 2002
2993 2008
2994 2005
2995 2009
2996 2006
2997 2006
2998 2006
2999 2004
3000 2002
3001 2007
3002 2006
3003 2006
3004 2006
3005 2005
3006 2005
3007 2004
3008 2008
3009 2007
3010 2006
3011 2009
3012 2008
3013 2008
3014 2008
3015 2005
3016 2004
3017 2005
3018 2009
3019 2008
3020 2004
3021 2009
3022 2006
3023 2008
3024 2009
3025 2004
3026 2005
3027 2009
3028 2005
3029 2009
3030 2005
3031 2008
3032 2007
3033 2007
3034 2007
3035 2008
3036 2007
3037 2009
3038 2008
3039 2002
3040 2009
3041 2007
3042 2009
3043 2008
3044 2008
3045 2005
3046 2004
3047 2004
3048 2006
3049 2009
3050 2009
3051 2008
3052 2007
3053 2009
3054 2003
3055 2006
3056 2005
3057 2005
3058 2003
3059 2004
3060 2007
3061 2008
3062 2006
3063 2005
3064 2008
3065 2009
3066 2004
3067 2007
3068 2008
3069 2005
3070 2005
3071 2007
3072 2010
3073 2002
3074 2008
3075 2003
3076 2005
3077 2009
3078 2004
3079 2003
3080 2005
3081 2008
3082 2008
3083 2008
3084 2008
3085 2004
3086 2009
3087 2006
3088 2005
3089 2005
3090 2006
3091 2005
3092 2007
3093 2007
3094 2003
3095 2008
3096 2007
3097 2009
3098 2005
3099 2003
3100 2006
3101 2005
3102 2005
3103 2005
3104 2007
3105 2009
3106 2008
3107 2005
3108 2004
3109 2007
3110 2002
3111 2006
3112 2006
3113 2009
3114 2003
3115 2009
3116 2006
3117 2005
3118 2006
3119 2009
3120 2007
3121 2007
3122 2007
3123 2005
3124 2005
3125 2008
3126 2005
3127 2000
3128 2001
3129 2008
3130 2004
3131 2008
3132 2006
3133 2007
3134 2009
3135 2007
3136 2007
3137 2004
3138 2005
3139 2006
3140 2007
3141 2006
3142 2005
3143 2004
3144 2000
3145 2004
3146 2007
3147 2007
3148 2008
3149 2009
3150 2004
3151 2008
3152 2005
3153 2007
3154 2005
3155 2006
3156 2005
3157 2007
3158 2003
3159 2005
3160 2007
3161 1994
3162 2006
3163 2005
3164 2008
3165 2006
3166 2005
3167 2007
3168 2004
3169 2004
3170 2004
3171 2003
3172 2004
3173 2007
3174 2009
3175 2007
3176 2006
3177 2008
3178 2003
3179 2006
3180 2006
3181 2008
3182 2003
3183 2005
3184 2004
3185 2007
3186 2005
3187 2006
3188 2004
3189 2007
3190 2005
3191 2008
3192 2009
3193 2005
3194 2004
3195 2008
3196 2002
3197 2003
3198 2009
3199 2004
3200 2004
3201 2006
3202 2009
3203 2006
3204 2008
3205 2004
3206 2009
3207 2005
3208 2009
3209 2009
3210 2007
3211 2007
3212 2007
3213 2008
3214 2007
3215 2006
3216 2009
3217 2008
3218 2003
3219 2009
3220 2005
3221 2005
3222 2006
3223 2006
3224 2007
3225 2004
3226 2006
3227 2007
3228 2006
3229 2009
3230 2009
3231 2004
3232 2004
3233 2009
3234 2009
3235 2004
3236 2006
3237 2005
3238 2007
3239 2004
3240 2004
3241 2007
3242 2009
3243 2005
3244 2009
3245 2005
3246 2005
3247 2002
3248 2007
3249 2009
3250 2008
3251 2006
3252 2004
3253 2005
3254 2005
3255 2008
3256 2009
3257 2004
3258 2009
3259 2005
3260 2009
3261 2009
3262 2009
3263 2008
3264 2009
3265 2008
3266 2007
3267 2004
3268 2003
3269 2008
3270 2008
3271 2009
3272 2005
3273 2009
3274 2008
3275 2006
3276 2006
3277 2007
3278 2004
3279 2004
3280 2008
3281 2003
3282 2005
3283 2009
3284 2007
3285 2008
3286 2007
3287 2005
3288 2009
3289 2004
3290 2008
3291 2006
3292 2004
3293 2004
3294 2006
3295 2009
3296 2005
3297 2005
3298 2008
3299 2005
3300 2005
3301 2007
3302 2006
3303 2008
3304 2009
3305 2006
3306 2009
3307 2005
3308 2006
3309 2008
3310 2008
3311 2004
3312 2007
3313 2006
3314 2007
3315 2007
3316 2004
3317 2007
3318 2009
3319 2010
3320 2007
3321 2005
3322 2007
3323 1983
3324 2006
3325 2007
3326 2005
3327 2005
3328 2008
3329 2006
3330 2003
3331 2009
3332 2008
3333 2007
3334 2002
3335 2008
3336 2003
3337 2007
3338 2009
3339 2006
3340 2006
3341 2006
3342 2009
3343 1993
3344 2003
3345 2005
3346 2005
3347 2009
3348 2007
3349 2010
3350 2004
3351 2007
3352 2009
3353 2005
3354 2006
3355 2008
3356 2006
3357 2009
3358 2006
3359 2007
3360 2006
3361 2002
3362 2005
3363 2009
3364 2009
3365 2008
3366 2009
3367 2007
3368 2007
3369 2009
3370 2009
3371 2003
3372 2005
3373 2005
3374 2008
3375 2006
3376 2007
3377 2005
3378 2004
3379 2006
3380 2004
3381 2006
3382 2006
3383 2007
3384 2006
3385 2002
3386 2008
3387 2002
3388 2005
3389 2007
3390 2007
3391 2005
3392 2006
3393 2004
3394 2006
3395 2007
3396 2009
3397 2004
3398 2008
3399 2008
3400 2007
3401 2007
3402 2008
3403 2005
3404 2008
3405 2008
3406 2006
3407 2008
3408 2007
3409 2002
3410 2005
3411 2005
3412 2004
3413 2004
3414 2009
3415 2008
3416 2008
3417 2006
3418 2007
3419 2008
3420 2004
3421 2004
3422 2008
3423 2007
3424 2006
3425 2007
3426 2007
3427 2006
3428 2007
3429 2006
3430 2005
3431 2009
3432 2008
3433 2008
3434 2010
3435 2008
3436 1989
3437 2004
3438 2006
3439 2005
3440 2008
3441 2005
3442 2005
3443 2009
3444 2005
3445 2008
3446 2006
3447 2003
3448 2007
3449 2005
3450 2004
3451 2007
3452 2004
3453 2010
3454 2003
3455 2006
3456 2008
3457 2005
3458 2004
3459 2009
3460 2007
3461 2009
3462 2003
3463 2007
3464 2006
3465 2004
3466 2005
3467 2007
3468 2006
3469 2008
3470 2004
3471 2003
3472 2008
3473 2008
3474 2006
3475 2006
3476 2006
3477 2001
3478 2005
3479 2009
3480 2005
3481 2007
3482 2008
3483 2007
3484 2009
3485 2007
3486 2008
3487 2010
3488 2008
3489 2006
3490 2004
3491 2006
3492 2007
3493 2005
3494 2006
3495 2005
3496 2007
3497 2007
3498 2006
3499 2004
3500 2008
3501 2006
3502 2006
3503 2009
3504 2006
3505 2006
3506 2005
3507 2007
3508 2008
3509 2009
3510 2000
3511 2006
3512 2009
3513 2007
3514 2007
3515 2003
3516 2005
3517 2009
3518 2006
3519 2004
3520 2007
3521 2004
3522 2006
3523 2007
3524 2006
3525 2005
3526 2005
3527 2006
3528 2008
3529 2008
3530 2004
3531 2005
3532 2010
3533 2004
3534 2005
3535 2004
3536 2006
3537 2006
3538 2007
3539 2006
3540 2006
3541 2005
3542 2006
3543 2006
3544 2009
3545 2005
3546 2008
3547 2006
3548 2008
3549 2005
3550 2007
3551 2005
3552 2009
3553 2005
3554 2007
3555 2006
3556 2006
3557 2005
3558 2006
3559 2006
3560 2009
3561 2006
3562 2004
3563 2009
3564 2009
3565 2005
3566 2006
3567 2004
3568 2006
3569 2008
3570 2007
3571 2003
3572 2005
3573 2003
3574 2008
3575 2005
3576 2008
3577 2004
3578 2005
3579 2004
3580 2004
3581 2007
3582 2006
3583 2004
3584 2005
3585 2006
3586 2003
3587 2006
3588 2007
3589 2009
3590 2003
3591 2008
3592 2007
3593 2005
3594 2009
3595 2005
3596 2005
3597 2006
3598 2009
3599 2007
3600 2006
3601 2007
3602 2009
3603 2007
3604 2006
3605 2007
3606 2005
3607 2008
3608 2009
3609 2009
3610 2008
3611 2006
3612 2006
3613 2009
3614 2004
3615 2009
3616 2007
3617 2003
3618 2008
3619 2008
3620 2002
3621 2006
3622 1979
3623 2008
3624 2007
3625 2008
3626 2005
3627 2006
3628 2007
3629 2004
3630 2004
3631 2007
3632 2007
3633 2007
3634 2009
3635 2005
3636 2005
3637 2008
3638 2009
3639 2005
3640 2009
3641 2003
3642 2006
3643 2005
3644 2005
3645 2010
3646 2007
3647 2008
3648 2007
3649 2008
3650 2006
3651 2005
3652 2003
3653 2006
3654 2005
3655 2006
3656 2007
3657 2006
3658 2004
3659 2007
3660 2005
3661 2004
3662 2005
3663 2007
3664 2007
3665 2006
3666 2004
3667 2007
3668 2007
3669 2005
3670 2007
3671 2007
3672 2008
3673 2008
3674 2008
3675 2006
3676 2007
3677 2008
3678 2006
3679 2006
3680 2008
3681 2009
3682 2006
3683 2009
3684 2007
3685 2004
3686 2006
3687 2005
3688 2005
3689 2007
3690 2008
3691 2008
3692 2007
3693 2006
3694 2006
3695 2009
3696 2005
3697 2004
3698 2009
3699 2005
3700 2005
3701 2009
3702 2007
3703 2004
3704 2008
3705 2005
3706 2005
3707 2004
3708 2006
3709 2008
3710 2005
3711 2005
3712 2006
3713 2004
3714 2005
3715 2005
3716 2009
3717 2005
3718 2006
3719 2007
3720 2006
3721 2008
3722 2005
3723 2006
3724 2008
3725 2008
3726 2008
3727 2008
3728 2007
3729 2004
3730 2006
3731 2005
3732 2008
3733 2009
3734 2008
3735 2005
3736 2008
3737 2005
3738 2007
3739 2006
3740 2005
3741 2009
3742 2004
3743 2005
3744 2006
3745 2009
3746 2008
3747 2008
3748 2005
3749 2008
3750 2008
3751 2008
3752 2004
3753 2006
3754 2007
3755 2009
3756 2006
3757 2004
3758 2009
3759 2008
3760 2007
3761 2008
3762 2006
3763 2007
3764 2007
3765 2005
3766 2004
3767 2009
3768 2009
3769 2002
3770 2008
3771 2006
3772 2006
3773 2008
3774 2007
3775 2005
3776 2009
3777 2004
3778 2006
3779 2005
3780 2006
3781 2004
3782 2007
3783 2005
3784 2008
3785 2004
3786 2006
3787 2008
3788 2009
3789 2002
3790 2006
3791 2009
3792 2007
3793 2005
3794 2005
3795 2005
3796 2009
3797 2008
3798 2008
3799 2007
3800 2009
3801 2006
3802 2009
3803 2009
3804 2004
3805 2008
3806 2005
3807 2008
3808 2006
3809 2003
3810 2008
3811 2007
3812 2008
3813 2005
3814 2003
3815 2009
3816 2005
3817 2006
3818 2007
3819 2005
3820 2006
3821 2004
3822 2006
3823 2006
3824 2006
3825 2007
3826 2008
3827 2007
3828 2005
3829 2006
3830 2005
3831 2005
3832 2005
3833 2007
3834 2005
3835 2006
3836 2008
3837 2005
3838 2007
3839 2008
3840 2008
3841 2007
3842 2006
3843 2009
3844 2004
3845 2005
3846 2004
3847 2004
3848 2007
3849 2003
3850 2006
3851 2006
3852 2008
3853 2006
3854 2006
3855 2007
3856 2004
3857 2005
3858 2006
3859 2009
3860 2005
3861 2003
3862 2005
3863 2005
3864 2008
3865 2009
3866 2007
3867 2009
3868 2007
3869 2001
3870 2005
3871 2004
3872 2007
3873 2007
3874 2008
3875 2008
3876 2005
3877 2007
3878 2005
3879 2003
3880 2007
3881 2007
3882 2005
3883 2005
3884 2007
3885 2007
3886 2006
3887 2009
3888 2007
3889 2004
3890 2008
3891 2004
3892 2006
3893 2005
3894 2007
3895 2005
3896 2004
3897 2008
3898 2008
3899 2006
3900 2005
3901 2005
3902 2009
3903 2010
3904 2007
3905 2008
3906 2003
3907 2005
3908 2005
3909 2006
3910 2007
3911 2008
3912 2006
3913 2007
3914 2008
3915 2007
3916 2005
3917 2006
3918 2007
3919 2007
3920 2003
3921 2007
3922 2007
3923 2009
3924 2006
3925 2002
3926 2009
3927 2005
3928 2007
3929 2007
3930 2003
3931 2003
3932 2005
3933 2002
3934 2008
3935 2008
3936 2003
3937 2009
3938 2004
3939 2005
3940 2005
3941 2004
3942 2005
3943 2004
3944 2006
3945 2008
3946 2005
3947 2007
3948 2008
3949 2003
3950 2004
3951 2007
3952 2004
3953 2005
3954 2007
3955 2007
3956 2006
3957 2006
3958 2005
3959 2009
3960 2007
3961 2006
3962 2005
3963 2008
3964 2004
3965 2006
3966 2006
3967 2007
3968 2008
3969 2008
3970 2004
3971 2003
3972 2008
3973 2007
3974 2007
3975 2009
3976 2003
3977 2007
3978 2003
3979 2008
3980 2005
3981 2006
3982 2006
3983 2006
3984 2008
3985 2005
3986 2006
3987 2006
3988 2008
3989 2006
3990 2006
3991 2009
3992 2006
3993 2004
3994 2007
3995 2007
3996 2005
3997 2007
3998 2008
3999 2006
4000 2008
4001 2007
4002 2007
4003 2009
4004 2005
4005 2008
4006 2006
4007 2008
4008 2007
4009 2004
4010 2004
4011 2006
4012 2008
4013 2006
4014 2006
4015 2008
4016 2009
4017 2008
4018 2006
4019 2005
4020 2009
4021 2008
4022 2006
4023 2008
4024 2004
4025 2005
4026 2008
4027 2004
4028 2008
4029 2003
4030 2006
4031 2006
4032 2006
4033 2009
4034 2009
4035 2005
4036 2007
4037 2006
4038 2006
4039 2009
4040 2007
4041 2009
4042 2008
4043 2009
4044 2009
4045 2007
4046 2007
4047 2009
4048 2007
4049 2005
4050 2004
4051 2006
4052 2006
4053 2007
4054 2007
4055 2008
4056 2004
4057 2005
4058 2009
4059 2007
4060 2008
4061 2007
4062 2009
4063 2007
4064 2006
4065 2009
4066 2006
4067 2005
4068 2009
4069 2005
4070 2005
4071 2007
4072 2007
4073 2005
4074 2006
4075 2008
4076 2009
4077 2007
4078 2009
4079 2005
4080 2005
4081 2004
4082 2005
4083 2004
4084 2005
4085 2008
4086 2005
4087 2008
4088 2009
4089 2008
4090 1982
4091 2008
4092 2007
4093 2008
4094 2008
4095 2006
4096 2004
4097 2004
4098 2009
4099 2008
4100 2007
4101 2006
4102 2009
4103 2006
4104 2008
4105 2006
4106 2005
4107 2006
4108 2005
4109 2007
4110 2005
4111 2009
4112 2006
4113 2006
4114 2008
4115 2008
4116 2008
4117 2007
4118 2008
4119 2005
4120 2006
4121 2008
4122 2009
4123 2008
4124 2005
4125 2007
4126 2006
4127 2009
4128 2009
4129 2006
4130 2004
4131 2009
4132 2006
4133 2009
4134 2006
4135 2006
4136 2009
4137 2004
4138 2008
4139 2005
4140 2006
4141 2007
4142 2005
4143 2007
4144 2007
4145 2000
4146 2006
4147 2006
4148 2005
4149 2004
4150 2003
4151 2008
4152 1994
4153 2006
4154 2007
4155 2005
4156 2007
4157 2003
4158 2005
4159 2001
4160 2005
4161 2007
4162 2007
4163 2008
4164 2009
4165 2007
4166 2005
4167 2007
4168 2006
4169 2007
4170 2006
4171 2008
4172 2008
4173 2007
4174 2007
4175 2004
4176 2008
4177 2008
4178 2006
4179 2008
4180 2008
4181 2007
4182 2006
4183 2007
4184 2008
4185 2008
4186 2005
4187 2004
4188 2006
4189 2006
4190 2005
4191 2003
4192 2009
4193 2007
4194 2007
4195 2004
4196 2006
4197 2007
4198 2006
4199 2007
4200 2005
4201 2007
4202 2006
4203 2009
4204 2005
4205 2004
4206 2005
4207 2007
4208 2005
4209 2009
4210 2007
4211 2007
4212 2008
4213 2006
4214 2009
4215 2004
4216 2008
4217 2006
4218 2003
4219 2007
4220 2006
4221 2009
4222 2007
4223 2005
4224 2009
4225 2006
4226 2004
4227 2008
4228 2009
4229 2009
4230 2009
4231 2005
4232 2008
4233 2006
4234 2008
4235 2007
4236 2008
4237 2008
4238 2004
4239 2009
4240 2008
4241 2000
4242 2007
4243 2008
4244 2003
4245 2007
4246 1999
4247 2009
4248 2007
4249 2005
4250 2006
4251 2007
4252 2004
4253 2007
4254 2005
4255 2005
4256 2009
4257 2009
4258 2007
4259 2006
4260 2009
4261 2008
4262 2007
4263 2002
4264 2005
4265 2004
4266 2009
4267 2004
4268 2006
4269 2007
4270 2005
4271 2006
4272 2008
4273 2004
4274 2004
4275 2009
4276 2005
4277 2004
4278 2009
4279 2008
4280 2004
4281 2006
4282 2007
4283 2006
4284 2006
4285 2007
4286 2006
4287 2006
4288 2006
4289 2003
4290 2004
4291 2005
4292 2006
4293 2008
4294 2004
4295 2006
4296 2006
4297 2009
4298 2009
4299 2005
4300 2004
4301 2006
4302 2005
4303 2007
4304 2004
4305 2004
4306 2007
4307 2009
4308 2004
4309 2005
4310 2005
4311 2007
4312 2006
4313 2008
4314 2008
4315 2009
4316 2006
4317 2008
4318 2008
4319 2007
4320 2008
4321 2009
4322 2004
4323 2007
4324 2008
4325 2007
4326 2008
4327 2005
4328 2007
4329 2008
4330 2005
4331 2004
4332 2004
4333 2003
4334 2007
4335 2004
4336 2005
4337 2009
4338 2008
4339 2006
4340 2005
4341 2005
4342 2006
4343 2006
4344 2007
4345 2009
4346 2009
4347 2009
4348 2008
4349 2008
4350 2009
4351 2008
4352 2003
4353 2006
4354 2008
4355 2004
4356 2005
4357 2006
4358 2006
4359 2004
4360 2004
4361 2009
4362 2005
4363 2002
4364 2007
4365 2005
4366 2009
4367 2009
4368 2009
4369 2004
4370 2006
4371 2009
4372 2003
4373 2007
4374 2007
4375 2006
4376 2006
4377 2005
4378 2006
4379 2005
4380 2005
4381 2009
4382 2006
4383 2005
4384 2005
4385 2005
4386 2006
4387 2007
4388 2005
4389 2006
4390 2008
4391 2008
4392 2004
4393 2008
4394 2006
4395 2007
4396 2006
4397 2007
4398 2006
4399 2007
4400 2006
4401 2008
4402 2008
4403 2009
4404 2008
4405 2005
4406 2008
4407 2005
4408 2007
4409 2008
4410 2009
4411 2005
4412 2005
4413 2004
4414 2009
4415 2008
4416 2008
4417 2007
4418 2005
4419 2005
4420 2009
4421 2009
4422 2009
4423 2009
4424 2007
4425 2005
4426 2005
4427 2009
4428 2009
4429 2008
4430 2008
4431 2008
4432 2006
4433 2008
4434 2009
4435 2005
4436 2008
4437 2009
4438 2007
4439 2004
4440 2008
4441 2004
4442 2007
4443 2008
4444 2008
4445 2007
4446 2005
4447 2008
4448 2009
4449 2007
4450 2002
4451 2004
4452 2004
4453 2007
4454 2006
4455 2000
4456 2006
4457 2006
4458 2002
4459 2005
4460 2001
4461 2007
4462 1999
4463 2004
4464 2005
4465 2007
4466 2005
4467 2006
4468 2009
4469 2004
4470 2006
4471 2005
4472 2004
4473 2005
4474 2008
4475 2008
4476 2009
4477 2007
4478 2008
4479 2006
4480 2007
4481 2008
4482 2006
4483 2005
4484 2005
4485 2007
4486 2008
4487 2006
4488 2006
4489 2009
4490 2002
4491 2007
4492 2005
4493 2008
4494 2009
4495 2008
4496 2006
4497 2008
4498 2008
4499 2008
4500 2009
4501 2007
4502 2007
4503 2006
4504 2005
4505 2008
4506 2005
4507 2008
4508 2003
4509 2009
4510 2007
4511 2009
4512 2004
4513 2009
4514 2004
4515 2006
4516 2005
4517 2005
4518 2005
4519 2007
4520 2006
4521 2007
4522 2006
4523 2008
4524 2005
4525 2006
4526 2004
4527 2006
4528 2006
4529 2007
4530 2007
4531 2007
4532 2006
4533 2005
4534 2008
4535 2006
4536 2006
4537 2005
4538 2007
4539 2005
4540 2008
4541 2008
4542 2009
4543 2005
4544 2008
4545 2008
4546 2006
4547 2007
4548 2008
4549 2004
4550 2004
4551 2008
4552 2005
4553 2004
4554 2008
4555 2004
4556 2008
4557 2007
4558 2006
4559 2007
4560 2006
4561 2006
4562 2007
4563 2005
4564 2004
4565 2006
4566 2008
4567 2004
4568 2004
4569 2006
4570 2000
4571 2006
4572 2005
4573 2005
4574 1992
4575 2005
4576 2005
4577 2009
4578 2001
4579 2008
4580 2005
4581 2007
4582 2004
4583 2006
4584 2007
4585 2007
4586 2008
4587 2006
4588 2005
4589 2008
4590 2005
4591 2007
4592 2008
4593 2007
4594 2007
4595 2008
4596 2008
4597 2009
4598 2008
4599 2002
4600 2008
4601 2009
4602 2008
4603 2008
4604 2005
4605 2008
4606 2009
4607 2006
4608 2007
4609 2007
4610 2005
4611 2008
4612 2005
4613 2005
4614 2005
4615 2005
4616 2006
4617 2006
4618 2007
4619 2005
4620 2006
4621 2002
4622 2006
4623 2007
4624 2004
4625 2006
4626 2005
4627 2006
4628 2005
4629 2004
4630 2005
4631 2003
4632 2006
4633 2002
4634 2006
4635 2008
4636 2003
4637 2004
4638 2006
4639 2005
4640 2007
4641 2007
4642 2007
4643 2001
4644 2009
4645 2007
4646 2009
4647 2009
4648 2005
4649 1997
4650 2009
4651 2005
4652 2008
4653 2004
4654 2006
4655 2005
4656 2009
4657 2008
4658 2005
4659 2005
4660 2005
4661 2004
4662 2009
4663 2007
4664 2004
4665 2009
4666 2009
4667 2005
4668 2006
4669 2006
4670 2008
4671 2008
4672 2005
4673 2007
4674 2002
4675 2008
4676 2008
4677 2004
4678 2006
4679 2008
4680 2004
4681 2007
4682 2006
4683 2004
4684 2007
4685 2007
4686 2009
4687 2004
4688 2004
4689 2009
4690 2008
4691 2008
4692 2004
4693 2004
4694 2006
4695 2003
4696 2007
4697 2006
4698 2009
4699 2005
4700 2008
4701 2008
4702 2006
4703 2005
4704 2009
4705 2006
4706 2009
4707 2008
4708 2004
4709 2009
4710 2008
4711 2003
4712 2003
4713 2005
4714 2002
4715 2007
4716 2006
4717 2007
4718 2008
4719 2007
4720 2009
4721 2004
4722 2008
4723 2007
4724 2004
4725 2009
4726 2004
4727 2005
4728 2008
4729 2003
4730 2006
4731 2004
4732 2005
4733 2008
4734 2008
4735 2006
4736 2005
4737 2003
4738 2006
4739 2005
4740 2005
4741 2008
4742 2006
4743 2007
4744 2010
4745 2005
4746 2006
4747 2006
4748 2005
4749 2004
4750 2005
4751 2003
4752 2002
4753 2005
4754 2006
4755 2008
4756 2006
4757 2008
4758 2008
4759 2005
4760 2005
4761 2008
4762 2004
4763 2005
4764 2003
4765 2005
4766 2005
4767 2005
4768 2007
4769 2005
4770 2003
4771 2009
4772 2005
4773 2005
4774 2005
4775 2003
4776 2005
4777 2005
4778 2005
4779 2009
4780 2008
4781 2006
4782 2009
4783 2008
4784 2006
4785 2007
4786 2009
4787 2007
4788 2006
4789 2009
4790 2008
4791 2008
4792 2007
4793 2006
4794 2007
4795 2005
4796 2008
4797 2007
4798 2008
4799 2005
4800 2008
4801 2005
4802 2009
4803 2009
4804 2008
4805 2004
4806 2007
4807 2006
4808 2004
4809 2004
4810 2006
4811 2008
4812 2009
4813 2005
4814 2007
4815 2007
4816 2008
4817 2007
4818 2009
4819 2004
4820 2009
4821 2009
4822 2005
4823 2004
4824 2008
4825 2006
4826 2009
4827 2004
4828 2007
4829 2008
4830 2008
4831 2006
4832 2009
4833 2006
4834 2007
4835 2004
4836 2008
4837 2008
4838 2008
4839 2002
4840 2004
4841 2006
4842 2006
4843 2008
4844 2004
4845 2002
4846 2008
4847 2008
4848 2006
4849 2008
4850 2006
4851 2006
4852 2006
4853 2009
4854 2005
4855 2005
4856 2006
4857 2006
4858 2006
4859 2005
4860 2006
4861 2008
4862 2009
4863 2005
4864 2006
4865 2002
4866 2009
4867 2008
4868 2008
4869 2006
4870 2008
4871 2007
4872 2005
4873 2008
4874 2007
4875 2009
4876 2005
4877 2006
4878 2005
4879 2009
4880 2006
4881 2003
4882 2003
4883 2008
4884 2004
4885 2004
4886 2005
4887 2009
4888 2007
4889 2006
4890 2006
4891 2006
4892 2004
4893 2009
4894 2007
4895 2005
4896 2006
4897 2004
4898 2007
4899 2008
4900 2007
4901 2008
4902 2009
4903 2007
4904 2008
4905 2003
4906 2009
4907 2007
4908 2007
4909 2008
4910 2007
4911 2010
4912 2004
4913 2005
4914 2006
4915 2009
4916 2004
4917 2007
4918 2004
4919 2005
4920 2006
4921 2009
4922 2002
4923 2008
4924 2006
4925 2007
4926 2007
4927 2007
4928 2005
4929 1983
4930 2007
4931 2005
4932 2004
4933 2003
4934 2003
4935 2004
4936 2005
4937 2008
4938 2009
4939 2009
4940 2008
4941 2008
4942 2006
4943 2006
4944 2006
4945 2005
4946 2008
4947 2008
4948 2003
4949 2004
4950 2005
4951 2006
4952 2004
4953 2001
4954 2006
4955 2008
4956 2008
4957 2007
4958 2007
4959 2006
4960 2005
4961 2007
4962 2006
4963 2004
4964 2009
4965 2008
4966 2005
4967 2005
4968 2004
4969 2003
4970 2004
4971 2006
4972 2009
4973 2005
4974 2008
4975 2004
4976 2006
4977 2009
4978 2005
4979 2008
4980 2003
4981 2005
4982 2006
4983 2009
4984 2003
4985 2008
4986 2009
4987 2008
4988 2003
4989 2008
4990 2007
4991 2005
4992 2009
4993 2008
4994 2007
4995 2007
4996 2007
4997 2009
4998 2006
4999 2009
5000 2006
5001 2005
5002 2006
5003 2006
5004 2009
5005 2006
5006 2007
5007 2009
5008 2005
5009 2007
5010 2005
5011 2007
5012 2008
5013 2004
5014 2008
5015 2006
5016 2002
5017 2009
5018 2009
5019 2005
5020 2004
5021 2005
5022 2005
5023 2007
5024 2008
5025 2000
5026 2007
5027 2009
5028 2007
5029 2007
5030 2007
5031 2003
5032 2007
5033 2008
5034 2004
5035 2007
5036 2005
5037 2003
5038 2008
5039 2002
5040 2006
5041 2009
5042 2005
5043 2007
5044 2007
5045 2005
5046 2003
5047 2009
5048 2004
5049 2006
5050 2006
5051 2006
5052 2004
5053 2004
5054 2008
5055 2003
5056 2009
5057 2008
5058 2003
5059 2004
5060 2007
5061 2008
5062 2008
5063 2009
5064 2008
5065 2007
5066 2004
5067 2008
5068 2005
5069 2004
5070 2002
5071 2007
5072 2009
5073 2008
5074 2004
5075 2009
5076 2006
5077 2009
5078 2009
5079 2005
5080 2004
5081 2008
5082 2008
5083 2008
5084 2007
5085 2004
5086 2006
5087 2007
5088 2006
5089 2005
5090 2006
5091 2008
5092 2005
5093 2004
5094 2008
5095 2006
5096 2007
5097 2004
5098 2008
5099 2008
5100 2007
5101 2007
5102 2002
5103 2009
5104 2003
5105 2009
5106 2005
5107 2004
5108 2005
5109 2008
5110 2007
5111 2006
5112 2009
5113 2004
5114 2008
5115 2004
5116 2005
5117 2005
5118 2005
5119 2008
5120 2005
5121 2008
5122 1915
5123 2009
5124 2009
5125 2006
5126 2005
5127 2008
5128 2007
5129 2008
5130 2003
5131 2007
5132 2002
5133 2006
5134 2008
5135 2005
5136 2007
5137 2005
5138 2009
5139 2007
5140 2009
5141 2008
5142 2006
5143 2006
5144 2009
5145 2009
5146 2008
5147 2007
5148 2004
5149 2005
5150 2005
5151 2009
5152 2007
5153 2008
5154 2008
5155 2005
5156 2006
5157 2004
5158 2007
5159 2007
5160 2007
5161 2004
5162 2006
5163 2005
5164 2004
5165 2006
5166 2006
5167 2006
5168 2009
5169 2008
5170 2002
5171 2008
5172 2007
5173 2009
5174 2009
5175 2006
5176 2006
5177 2004
5178 2008
5179 2006
5180 2005
5181 2006
5182 2003
5183 2007
5184 2006
5185 2009
5186 2008
5187 2007
5188 2007
5189 2009
5190 2004
5191 2004
5192 2005
5193 2008
5194 2008
5195 2006
5196 2009
5197 2008
5198 2008
5199 2007
5200 2004
5201 2010
5202 2004
5203 2008
5204 2007
5205 2002
5206 2004
5207 2007
5208 2007
5209 2008
5210 2004
5211 2007
5212 2009
5213 2008
5214 2004
5215 2004
5216 2008
5217 2007
5218 2005
5219 2008
5220 2004
5221 2006
5222 2006
5223 2007
5224 2009
5225 2008
5226 2005
5227 2005
5228 2003
5229 2000
5230 2007
5231 2008
5232 2007
5233 2005
5234 2008
5235 2005
5236 2005
5237 2003
5238 2009
5239 2004
5240 2002
5241 2006
5242 2008
5243 2007
5244 2004
5245 2006
5246 2005
5247 2008
5248 2009
5249 2006
5250 2006
5251 2007
5252 2007
5253 2008
5254 2007
5255 2003
5256 2005
5257 2003
5258 2006
5259 2005
5260 2007
5261 2007
5262 2008
5263 2004
5264 2009
5265 2005
5266 2007
5267 2008
5268 2004
5269 2007
5270 2006
5271 2005
5272 2009
5273 2008
5274 2004
5275 2006
5276 2008
5277 2004
5278 2007
5279 2009
5280 2006
5281 2004
5282 2006
5283 2007
5284 2006
5285 2003
5286 2006
5287 2008
5288 2008
5289 2005
5290 2005
5291 2009
5292 2008
5293 2006
5294 2004
5295 2009
5296 2006
5297 2004
5298 2006
5299 2007
5300 2007
5301 2007
5302 2007
5303 2007
5304 2007
5305 2003
5306 2006
5307 2006
5308 2007
5309 2009
5310 2007
5311 2003
5312 2008
5313 2006
5314 2006
5315 2009
5316 2005
5317 2009
5318 2004
5319 2005
5320 2004
5321 2008
5322 2002
5323 2009
5324 2008
5325 2008
5326 2006
5327 2005
5328 2008
5329 2005
5330 2007
5331 2009
5332 2002
5333 2008
5334 2007
5335 2007
5336 2004
5337 2006
5338 2005
5339 2006
5340 2004
5341 2005
5342 2006
5343 1999
5344 2005
5345 2006
5346 2008
5347 2004
5348 2004
5349 2007
5350 2009
5351 2005
5352 2007
5353 2005
5354 2004
5355 2004
5356 2005
5357 2008
5358 2008
5359 2008
5360 2005
5361 2005
5362 2006
5363 2009
5364 2009
5365 2006
5366 2004
5367 2007
5368 2006
5369 2005
5370 2007
5371 2005
5372 2009
5373 2006
5374 2006
5375 2004
5376 2009
5377 2007
5378 2005
5379 2005
5380 2007
5381 2005
5382 2005
5383 2006
5384 2007
5385 2006
5386 2009
5387 2004
5388 2008
5389 2007
5390 2005
5391 2005
5392 2005
5393 2006
5394 2007
5395 2004
5396 2005
5397 2007
5398 2003
5399 2007
5400 2006
5401 2009
5402 2007
5403 2005
5404 2004
5405 2009
5406 2004
5407 2002
5408 2005
5409 2009
5410 2004
5411 2005
5412 2009
5413 2008
5414 2007
5415 2009
5416 2004
5417 2007
5418 2008
5419 2006
5420 2003
5421 2004
5422 2005
5423 2007
5424 2007
5425 2004
5426 2004
5427 2006
5428 2004
5429 2009
5430 2008
5431 2005
5432 2005
5433 2004
5434 2008
5435 2006
5436 2005
5437 2004
5438 2002
5439 2006
5440 2008
5441 2009
5442 2009
5443 1976
5444 2009
5445 2008
5446 2007
5447 2004
5448 2003
5449 2006
5450 2006
5451 2009
5452 2005
5453 2005
5454 2005
5455 2009
5456 2004
5457 2006
5458 2005
5459 2009
5460 2009
5461 2006
5462 2008
5463 2009
5464 2008
5465 2007
5466 2006
5467 2007
5468 1995
5469 2009
5470 2009
5471 2004
5472 2008
5473 2007
5474 2006
5475 2006
5476 2007
5477 2008
5478 2006
5479 2008
5480 2008
5481 2007
5482 2009
5483 2008
5484 2004
5485 2009
5486 2004
5487 2006
5488 2009
5489 2004
5490 2005
5491 2006
5492 2005
5493 2005
5494 2008
5495 2004
5496 2006
5497 2007
5498 2002
5499 2004
5500 2007
5501 2009
5502 2003
5503 2007
5504 2006
5505 2009
5506 2009
5507 2009
5508 2004
5509 2004
5510 2008
5511 2003
5512 2007
5513 2009
5514 2004
5515 2007
5516 2009
5517 2008
5518 2007
5519 2008
5520 2000
5521 2005
5522 2003
5523 2009
5524 2003
5525 2004
5526 2002
5527 2008
5528 2007
5529 2008
5530 2005
5531 2005
5532 2009
5533 2008
5534 1984
5535 2006
5536 2008
5537 2006
5538 2007
5539 2004
5540 2007
5541 2005
5542 2009
5543 2008
5544 2007
5545 2009
5546 2005
5547 2008
5548 2006
5549 2008
5550 2008
5551 2004
5552 2007
5553 2007
5554 2008
5555 2005
5556 2009
5557 2006
5558 2009
5559 2006
5560 2006
5561 2009
5562 2009
5563 2007
5564 2006
5565 2005
5566 2007
5567 2004
5568 2005
5569 2007
5570 2008
5571 2009
5572 2006
5573 2004
5574 2008
5575 2007
5576 2007
5577 2006
5578 2006
5579 2009
5580 2006
5581 2006
5582 2007
5583 2005
5584 2006
5585 2007
5586 2006
5587 2008
5588 2008
5589 2007
5590 2007
5591 2008
5592 2006
5593 2008
5594 2006
5595 2006
5596 2006
5597 2006
5598 2006
5599 2009
5600 2005
5601 2005
5602 2009
5603 2008
5604 2004
5605 2003
5606 2006
5607 1990
5608 2008
5609 2006
5610 2004
5611 2010
5612 2004
5613 2004
5614 2005
5615 2002
5616 2005
5617 2006
5618 2008
5619 2008
5620 2006
5621 2009
5622 2009
5623 2002
5624 2003
5625 2006
5626 2009
5627 2008
5628 2007
5629 2005
5630 2008
5631 2007
5632 2008
5633 2008
5634 2005
5635 2009
5636 2008
5637 2009
5638 2007
5639 2005
5640 2008
5641 2009
5642 2004
5643 2005
5644 2008
5645 2007
5646 2004
5647 2005
5648 2004
5649 2008
5650 2006
5651 2009
5652 2007
5653 2005
5654 2004
5655 2009
5656 2006
5657 2009
5658 2005
5659 2008
5660 2006
5661 2004
5662 2008
5663 2005
5664 2004
5665 2006
5666 2009
5667 2005
5668 2004
5669 2006
5670 2008
5671 2005
5672 2008
5673 2009
5674 2003
5675 2007
5676 2006
5677 2009
5678 2004
5679 2009
5680 2002
5681 2009
5682 2008
5683 2008
5684 2007
5685 2007
5686 2009
5687 2009
5688 2009
5689 2009
5690 2006
5691 2006
5692 2008
5693 2009
5694 2004
5695 2003
5696 2007
5697 2003
5698 2009
5699 2008
5700 2009
5701 2008
5702 2009
5703 2009
5704 2006
5705 2008
5706 2004
5707 2007
5708 2004
5709 2004
5710 2007
5711 2009
5712 2005
5713 2005
5714 2008
5715 2006
5716 2004
5717 2008
5718 2009
5719 2005
5720 2007
5721 2004
5722 2009
5723 2008
5724 2008
5725 2009
5726 2001
5727 2008
5728 2008
5729 2008
5730 2003
5731 2008
5732 2006
5733 2002
5734 2005
5735 2006
5736 2009
5737 2003
5738 2007
5739 2000
5740 2005
5741 2007
5742 2004
5743 2006
5744 2006
5745 2005
5746 2008
5747 2009
5748 2009
5749 2005
5750 2005
5751 2004
5752 2004
5753 2007
5754 2006
5755 2004
5756 2009
5757 2007
5758 2004
5759 2004
5760 2007
5761 2009
5762 2008
5763 2007
5764 2001
5765 2008
5766 2008
5767 2008
5768 2005
5769 2005
5770 2007
5771 2009
5772 2008
5773 2005
5774 2007
5775 2006
5776 2008
5777 2008
5778 2006
5779 2008
5780 2006
5781 2005
5782 2006
5783 2005
5784 2006
5785 2005
5786 2005
5787 2009
5788 2008
5789 2008
5790 2008
5791 2007
5792 2007
5793 2007
5794 2008
5795 2009
5796 2009
5797 2007
5798 2008
5799 2001
5800 2004
5801 2005
5802 2005
5803 2005
5804 2006
5805 2005
5806 2005
5807 2003
5808 2004
5809 2006
5810 2003
5811 2009
5812 2003
5813 2009
5814 2008
5815 2008
5816 2000
5817 2009
5818 2009
5819 2005
5820 2002
5821 2009
5822 2004
5823 2009
5824 2006
5825 2007
5826 2007
5827 2008
5828 2005
5829 2007
5830 2005
5831 2009
5832 2007
5833 2004
5834 2003
5835 2007
5836 2009
5837 2009
5838 2005
5839 2005
5840 2004
5841 2006
5842 2006
5843 2009
5844 2007
5845 2005
5846 2008
5847 2005
5848 2004
5849 2009
5850 2008
5851 2004
5852 2008
5853 2008
5854 2006
5855 2009
5856 2009
5857 2003
5858 2003
5859 2006
5860 2006
5861 2005
5862 2008
5863 2000
5864 2005
5865 2006
5866 2003
5867 2006
5868 2002
5869 2008
5870 2007
5871 2008
5872 2005
5873 2002
5874 2003
5875 2007
5876 2009
5877 2007
5878 2004
5879 2009
5880 2006
5881 2007
5882 2005
5883 2006
5884 2007
5885 2007
5886 2007
5887 2007
5888 2007
5889 2005
5890 2005
5891 2007
5892 2004
5893 2009
5894 2009
5895 2007
5896 2003
5897 2002
5898 2006
5899 2004
5900 2005
5901 2007
5902 2002
5903 2007
5904 2007
5905 2003
5906 2005
5907 2006
5908 2008
5909 2006
5910 2007
5911 2006
5912 2004
5913 2009
5914 2007
5915 2008
5916 2006
5917 2005
5918 2007
5919 2004
5920 2007
5921 2008
5922 2007
5923 2006
5924 2005
5925 2009
5926 2008
5927 2002
5928 2008
5929 2007
5930 2005
5931 2009
5932 2004
5933 2008
5934 2005
5935 2004
5936 2007
5937 2005
5938 2007
5939 2009
5940 2008
5941 2009
5942 2004
5943 2008
5944 2009
5945 2006
5946 2007
5947 2004
5948 2008
5949 2008
5950 2006
5951 2007
5952 2007
5953 2006
5954 2007
5955 2006
5956 2005
5957 2008
5958 2007
5959 2005
5960 2008
5961 2003
5962 2009
5963 2008
5964 2008
5965 2008
5966 2004
5967 2004
5968 2003
5969 2008
5970 2007
5971 2005
5972 2005
5973 2005
5974 2007
5975 2004
5976 2006
5977 2009
5978 2005
5979 2004
5980 2007
5981 2003
5982 2008
5983 2006
5984 2003
5985 2006
5986 2007
5987 2007
5988 2008
5989 2003
5990 2008
5991 2007
5992 2004
5993 2008
5994 2009
5995 2002
5996 2008
5997 2009
5998 2008
5999 2006
6000 2005
6001 2009
6002 2008
6003 2008
6004 2005
6005 2008
6006 2009
6007 2009
6008 2008
6009 2007
6010 2007
6011 2005
6012 2006
6013 2008
6014 2005
6015 2008
6016 2009
6017 2006
6018 2005
6019 2005
6020 2006
6021 2007
6022 2006
6023 2008
6024 2009
6025 2005
6026 2006
6027 2005
6028 2007
6029 2009
6030 2006
6031 2007
6032 2007
6033 2007
6034 2005
6035 2005
6036 2007
6037 2006
6038 2008
6039 2007
6040 2005
6041 2006
6042 2007
6043 2007
6044 2009
6045 2004
6046 2009
6047 2003
6048 2006
6049 2005
6050 2009
6051 2005
6052 2008
6053 2009
6054 2008
6055 2004
6056 2007
6057 2008
6058 2004
6059 2005
6060 2005
6061 2006
6062 2008
6063 2007
6064 2008
6065 2007
6066 2005
6067 2007
6068 2009
6069 2009
6070 2009
6071 2004
6072 2009
6073 2008
6074 2006
6075 2005
6076 2005
6077 2009
6078 2009
6079 2004
6080 2004
6081 2008
6082 2004
6083 2007
6084 2004
6085 2005
6086 2008
6087 2006
6088 2007
6089 2006
6090 2007
6091 2008
6092 2009
6093 2007
6094 2008
6095 2005
6096 2005
6097 1997
6098 2005
6099 2006
6100 2007
6101 2007
6102 2008
6103 2005
6104 2008
6105 2005
6106 2006
6107 2009
6108 2009
6109 2003
6110 2009
6111 2008
6112 2008
6113 2006
6114 2009
6115 2003
6116 2008
6117 2007
6118 2009
6119 2003
6120 2009
6121 2004
6122 2008
6123 2009
6124 2007
6125 2004
6126 2007
6127 2008
6128 2008
6129 2008
6130 2004
6131 2009
6132 2006
6133 2006
6134 2009
6135 2007
6136 2005
6137 2009
6138 2006
6139 2004
6140 2009
6141 2009
6142 2008
6143 2003
6144 2009
6145 2005
6146 2007
6147 2006
6148 2009
6149 2007
6150 2007
6151 2004
6152 2005
6153 2009
6154 2009
6155 2003
6156 2005
6157 2008
6158 2000
6159 2005
6160 2007
6161 2006
6162 2005
6163 2008
6164 2004
6165 2005
6166 2009
6167 2006
6168 2008
6169 2006
6170 2008
6171 2006
6172 2006
6173 2007
6174 2008
6175 2005
6176 2009
6177 2005
6178 2008
6179 2004
6180 2006
6181 2009
6182 2006
6183 1999
6184 2004
6185 2004
6186 2008
6187 2007
6188 2004
6189 2002
6190 2009
6191 2009
6192 2004
6193 2007
6194 2007
6195 2007
6196 2008
6197 2008
6198 2007
6199 2005
6200 2008
6201 2005
6202 2003
6203 2000
6204 2009
6205 2010
6206 2006
6207 2005
6208 2006
6209 2006
6210 2006
6211 2009
6212 2005
6213 2007
6214 2009
6215 2007
6216 2008
6217 2005
6218 2007
6219 2006
6220 2006
6221 2008
6222 2006
6223 2008
6224 2008
6225 2007
6226 2006
6227 2005
6228 2009
6229 2007
6230 2002
6231 2008
6232 2006
6233 2002
6234 2007
6235 2007
6236 2008
6237 2002
6238 2005
6239 2005
6240 2005
6241 2008
6242 2007
6243 2003
6244 2006
6245 2008
6246 2009
6247 2006
6248 2009
6249 2007
6250 2004
6251 2008
6252 2004
6253 2006
6254 2004
6255 2005
6256 2004
6257 2008
6258 2009
6259 2009
6260 2004
6261 2004
6262 2000
6263 2006
6264 2008
6265 2006
6266 2004
6267 2008
6268 2006
6269 2005
6270 2007
6271 2009
6272 2009
6273 2004
6274 2005
6275 2008
6276 2005
6277 2004
6278 2007
6279 2006
6280 2008
6281 2008
6282 2006
6283 2004
6284 2002
6285 2009
6286 2005
6287 2007
6288 2004
6289 2006
6290 2004
6291 2009
6292 2003
6293 2008
6294 2007
6295 2000
6296 1997
6297 2005
6298 2008
6299 2005
6300 2009
6301 2008
6302 2005
6303 2006
6304 2007
6305 2005
6306 2007
6307 2004
6308 2004
6309 2004
6310 2007
6311 2005
6312 2009
6313 2005
6314 2004
6315 2008
6316 2006
6317 2008
6318 2007
6319 2005
6320 2008
6321 2006
6322 2005
6323 2002
6324 2003
6325 2005
6326 2007
6327 2005
6328 1992
6329 2006
6330 2005
6331 2008
6332 2007
6333 2007
6334 2008
6335 2005
6336 2005
6337 2004
6338 2007
6339 2008
6340 2008
6341 2004
6342 2002
6343 2001
6344 2004
6345 2004
6346 2005
6347 2007
6348 2004
6349 2006
6350 2005
6351 2008
6352 2006
6353 2008
6354 2006
6355 2008
6356 2004
6357 2009
6358 2009
6359 2004
6360 2008
6361 2007
6362 2007
6363 2005
6364 2008
6365 2006
6366 2009
6367 2009
6368 2008
6369 2009
6370 2003
6371 2008
6372 2008
6373 2005
6374 2002
6375 2009
6376 2003
6377 2007
6378 2005
6379 2004
6380 2007
6381 2009
6382 2009
6383 2006
6384 2009
6385 2005
6386 2005
6387 2005
6388 2008
6389 2008
6390 2004
6391 2007
6392 2008
6393 2009
6394 2008
6395 2008
6396 2008
6397 2008
6398 2006
6399 2004
6400 2008
6401 2005
6402 2006
6403 2005
6404 2009
6405 2009
6406 2008
6407 2002
6408 2005
6409 2009
6410 2006
6411 2007
6412 2009
6413 2006
6414 2008
6415 2008
6416 2004
6417 2008
6418 2007
6419 1999
6420 2005
6421 2007
6422 2009
6423 2009
6424 2008
6425 2009
6426 2006
6427 2004
6428 2009
6429 2007
6430 2008
6431 2009
6432 2009
6433 2005
6434 2008
6435 2006
6436 2007
6437 2003
6438 2006
6439 2005
6440 2005
6441 2007
6442 2007
6443 2007
6444 2005
6445 2007
6446 2007
6447 2007
6448 2005
6449 2009
6450 2008
6451 2005
6452 2009
6453 2006
6454 2007
6455 2007
6456 2004
6457 2008
6458 2002
6459 2007
6460 2007
6461 2008
6462 2008
6463 2004
6464 2006
6465 2007
6466 2007
6467 2009
6468 2003
6469 2007
6470 2008
6471 2007
6472 2006
6473 2006
6474 2006
6475 2006
6476 2008
6477 2004
6478 2002
6479 2008
6480 2006
6481 2007
6482 2008
6483 2003
6484 2004
6485 2008
6486 2008
6487 2006
6488 2004
6489 2008
6490 2006
6491 2005
6492 2005
6493 2007
6494 2007
6495 2008
6496 2007
6497 2006
6498 2002
6499 2006
6500 2006
6501 2004
6502 2004
6503 2005
6504 2005
6505 2004
6506 2005
6507 2009
6508 2007
6509 2007
6510 2003
6511 2008
6512 2008
6513 2009
6514 2005
6515 2001
6516 2007
6517 2004
6518 2006
6519 2008
6520 2007
6521 2006
6522 2002
6523 2006
6524 2006
6525 2008
6526 2007
6527 2009
6528 2005
6529 2005
6530 2009
6531 2007
6532 2007
6533 2009
6534 2007
6535 2008
6536 2007
6537 2008
6538 2006
6539 2009
6540 2005
6541 2007
6542 2009
6543 2007
6544 2007
6545 2005
6546 2003
6547 2005
6548 2006
6549 2004
6550 2007
6551 2005
6552 2005
6553 2009
6554 2007
6555 2005
6556 2006
6557 2008
6558 2005
6559 2006
6560 2007
6561 2008
6562 2006
6563 2004
6564 2006
6565 2009
6566 2008
6567 2006
6568 2009
6569 2006
6570 2006
6571 2010
6572 2004
6573 2005
6574 2008
6575 2006
6576 2005
6577 2008
6578 2009
6579 2003
6580 2005
6581 2005
6582 2006
6583 2007
6584 2006
6585 2004
6586 2005
6587 2006
6588 2004
6589 2008
6590 2004
6591 2006
6592 2007
6593 2007
6594 2007
6595 2009
6596 2009
6597 2008
6598 2008
6599 2009
6600 2006
6601 2006
6602 2008
6603 2006
6604 2009
6605 2007
6606 2005
6607 2008
6608 2006
6609 2003
6610 2004
6611 2004
6612 2007
6613 2008
6614 2006
6615 2002
6616 2006
6617 2008
6618 2006
6619 2006
6620 2009
6621 2005
6622 2003
6623 2008
6624 2003
6625 2009
6626 2002
6627 2007
6628 2008
6629 2006
6630 2007
6631 2009
6632 2009
6633 2008
6634 2008
6635 2005
6636 2008
6637 2007
6638 2006
6639 2005
6640 2006
6641 2005
6642 2006
6643 2005
6644 2007
6645 2006
6646 2007
6647 2005
6648 2008
6649 2008
6650 2006
6651 2009
6652 2008
6653 2008
6654 2008
6655 2003
6656 2008
6657 2009
6658 2009
6659 2009
6660 2008
6661 2007
6662 2007
6663 2008
6664 2007
6665 2003
6666 2008
6667 2008
6668 2008
6669 2005
6670 2009
6671 2006
6672 2005
6673 2008
6674 2007
6675 2007
6676 2005
6677 2005
6678 2007
6679 2008
6680 2007
6681 2006
6682 2007
6683 2006
6684 2005
6685 2005
6686 2005
6687 2006
6688 2009
6689 2002
6690 2006
6691 2005
6692 2007
6693 2006
6694 2008
6695 2004
6696 2005
6697 2004
6698 2007
6699 2008
6700 2008
6701 2008
6702 2005
6703 2003
6704 2005
6705 2008
6706 2006
6707 2003
6708 2005
6709 2005
6710 2006
6711 2008
6712 2009
6713 2003
6714 2008
6715 2004
6716 2003
6717 2005
6718 2006
6719 2006
6720 2006
6721 2009
6722 2003
6723 2005
6724 2007
6725 2008
6726 2007
6727 2006
6728 2008
6729 2006
6730 2006
6731 2010
6732 2009
6733 2007
6734 2009
6735 2005
6736 2006
6737 2005
6738 2006
6739 2009
6740 2005
6741 2006
6742 2007
6743 2005
6744 2004
6745 2005
6746 2007
6747 2005
6748 2009
6749 2006
6750 2008
6751 2007
6752 2009
6753 2005
6754 2007
6755 2004
6756 2009
6757 2007
6758 2005
6759 2006
6760 2008
6761 2008
6762 2004
6763 2004
6764 2007
6765 2009
6766 2004
6767 2005
6768 2007
6769 2007
6770 2005
6771 2005
6772 2006
6773 2005
6774 2005
6775 2007
6776 2006
6777 2007
6778 2008
6779 2004
6780 2004
6781 2004
6782 2007
6783 2006
6784 2009
6785 2008
6786 2008
6787 2005
6788 2008
6789 2007
6790 2007
6791 2009
6792 2008
6793 2008
6794 2005
6795 2008
6796 2009
6797 2008
6798 2007
6799 2007
6800 2004
6801 2008
6802 2007
6803 2008
6804 2007
6805 2002
6806 2010
6807 2007
6808 2004
6809 2008
6810 2008
6811 2007
6812 2006
6813 2009
6814 2009
6815 2008
6816 2006
6817 2008
6818 2007
6819 2006
6820 2007
6821 2006
6822 2006
6823 2005
6824 2005
6825 2008
6826 2006
6827 2006
6828 2005
6829 2003
6830 2006
6831 2001
6832 2006
6833 2005
6834 2005
6835 2006
6836 2008
6837 2007
6838 1998
6839 2004
6840 2009
6841 2004
6842 2008
6843 2006
6844 2009
6845 2004
6846 2008
6847 2005
6848 2007
6849 2008
6850 2008
6851 2008
6852 2005
6853 2006
6854 1996
6855 2005
6856 2009
6857 2006
6858 2006
6859 2004
6860 2008
6861 2008
6862 2009
6863 2005
6864 2002
6865 2004
6866 2005
6867 2006
6868 2008
6869 2009
6870 2005
6871 2008
6872 2005
6873 2007
6874 2008
6875 2005
6876 2007
6877 2005
6878 2003
6879 2008
6880 2009
6881 2005
6882 2009
6883 2001
6884 2004
6885 2007
6886 2005
6887 2007
6888 2008
6889 2006
6890 2008
6891 2005
6892 2006
6893 2009
6894 2006
6895 2007
6896 1999
6897 2006
6898 2006
6899 2001
6900 2008
6901 2005
6902 2005
6903 2007
6904 2003
6905 2007
6906 2005
6907 2004
6908 2007
6909 2005
6910 2007
6911 2004
6912 2005
6913 2005
6914 2009
6915 2006
6916 2005
6917 2006
6918 2008
6919 2009
6920 2006
6921 2005
6922 2006
6923 2007
6924 2003
6925 2004
6926 2007
6927 2009
6928 2005
6929 2003
6930 2008
6931 2004
6932 2004
6933 2006
6934 2007
6935 2007
6936 2008
6937 2009
6938 2004
6939 2009
6940 2009
6941 2008
6942 2009
6943 2008
6944 2005
6945 2008
6946 2004
6947 2010
6948 2007
6949 2003
6950 2006
6951 2009
6952 2008
6953 2004
6954 2009
6955 2006
6956 2003
6957 2005
6958 2007
6959 2008
6960 2005
6961 2005
6962 2006
6963 2007
6964 2004
6965 2005
6966 2009
6967 2005
6968 2008
6969 2004
6970 2009
6971 2007
6972 2007
6973 2004
6974 2004
6975 2008
6976 2007
6977 2005
6978 2006
6979 2007
6980 2009
6981 2006
6982 2008
6983 2004
6984 2009
6985 2005
6986 2007
6987 2008
6988 2005
6989 2009
6990 2005
6991 2004
6992 2005
6993 2005
6994 2009
6995 2008
6996 2005
6997 2007
6998 2003
6999 2004
7000 2007
7001 2002
7002 2006
7003 2008
7004 2004
7005 2007
7006 2009
7007 2007
7008 2005
7009 2004
7010 2009
7011 2008
7012 2005
7013 2005
7014 2009
7015 2009
7016 2003
7017 2007
7018 2007
7019 2009
7020 2004
7021 2006
7022 2005
7023 2007
7024 2008
7025 2008
7026 2005
7027 2009
7028 2007
7029 2005
7030 2006
7031 2009
7032 2007
7033 2004
7034 2006
7035 2005
7036 2007
7037 2002
7038 2009
7039 2007
7040 2003
7041 2006
7042 2009
7043 2005
7044 2004
7045 2007
7046 2007
7047 2004
7048 2002
7049 2008
7050 2003
7051 2006
7052 2006
7053 2008
7054 2009
7055 2005
7056 2005
7057 2005
7058 2004
7059 2006
7060 2007
7061 2004
7062 2005
7063 2006
7064 2004
7065 2004
7066 2008
7067 2004
7068 2009
7069 2006
7070 2006
7071 2004
7072 2002
7073 2007
7074 2007
7075 2005
7076 2006
7077 2003
7078 2004
7079 2008
7080 2009
7081 2008
7082 2008
7083 2006
7084 2006
7085 2008
7086 2008
7087 2009
7088 2007
7089 2007
7090 2001
7091 2007
7092 2006
7093 2008
7094 2006
7095 2002
7096 2009
7097 2005
7098 2009
7099 2008
7100 2006
7101 2007
7102 2004
7103 2004
7104 2006
7105 2004
7106 2007
7107 2009
7108 2008
7109 2002
7110 2007
7111 2008
7112 2004
7113 2006
7114 2005
7115 2006
7116 2008
7117 2006
7118 2004
7119 2009
7120 2004
7121 2007
7122 2009
7123 2007
7124 2003
7125 2005
7126 2008
7127 2006
7128 2004
7129 2005
7130 2006
7131 2005
7132 2005
7133 2005
7134 2009
7135 2007
7136 2007
7137 2008
7138 2006
7139 2005
7140 2009
7141 2009
7142 2006
7143 2007
7144 2005
7145 2009
7146 2005
7147 2005
7148 2005
7149 2008
7150 2009
7151 2003
7152 2006
7153 2009
7154 2008
7155 2007
7156 2004
7157 2008
7158 2004
7159 2007
7160 2007
7161 2005
7162 2004
7163 2009
7164 2008
7165 2007
7166 2006
7167 2009
7168 2005
7169 2005
7170 2007
7171 1900
7172 2006
7173 2007
7174 2006
7175 2008
7176 2008
7177 2009
7178 2005
7179 2004
7180 2004
7181 2008
7182 2008
7183 2005
7184 2007
7185 2005
7186 2007
7187 2007
7188 2004
7189 2008
7190 2004
7191 2003
7192 2007
7193 2009
7194 2003
7195 2005
7196 2005
7197 2008
7198 2007
7199 2007
7200 2008
7201 2009
7202 2005
7203 2005
7204 2009
7205 2009
7206 2009
7207 2005
7208 2007
7209 2007
7210 2008
7211 2006
7212 2004
7213 2007
7214 2006
7215 2004
7216 2007
7217 2005
7218 2006
7219 2008
7220 2007
7221 2007
7222 2008
7223 2007
7224 2006
7225 2006
7226 2005
7227 2008
7228 2004
7229 2005
7230 2009
7231 2003
7232 2009
7233 2005
7234 2006
7235 2007
7236 2008
7237 1990
7238 2006
7239 2004
7240 2008
7241 2008
7242 2007
7243 2005
7244 2008
7245 2004
7246 2004
7247 2004
7248 2004
7249 2009
7250 2007
7251 2007
7252 2008
7253 2009
7254 2005
7255 2006
7256 2004
7257 2005
7258 2005
7259 2006
7260 2007
7261 2005
7262 2009
7263 2004
7264 2001
7265 2004
7266 2003
7267 2008
7268 2005
7269 2006
7270 2004
7271 2005
7272 2008
7273 2007
7274 2005
7275 2005
7276 2006
7277 2008
7278 2005
7279 2005
7280 2004
7281 2008
7282 2007
7283 2002
7284 2006
7285 2008
7286 2008
7287 2009
7288 2005
7289 2007
7290 2003
7291 2004
7292 2004
7293 2003
7294 2005
7295 2006
7296 1994
7297 2004
7298 2007
7299 2007
7300 2008
7301 2000
7302 2009
7303 2008
7304 2004
7305 2005
7306 2008
7307 2005
7308 2004
7309 2008
7310 2007
7311 2006
7312 2004
7313 2004
7314 2003
7315 2007
7316 2003
7317 2007
7318 2006
7319 2004
7320 2006
7321 2005
7322 2009
7323 2010
7324 2008
7325 2004
7326 2008
7327 2004
7328 2006
7329 2007
7330 2006
7331 2007
7332 2007
7333 2005
7334 2000
7335 2009
7336 2005
7337 2007
7338 2004
7339 2005
7340 2005
7341 2009
7342 2004
7343 2009
7344 2006
7345 2007
7346 2009
7347 2003
7348 2005
7349 2004
7350 2007
7351 2008
7352 2000
7353 2008
7354 2009
7355 2003
7356 2000
7357 2007
7358 2007
7359 2003
7360 2006
7361 2009
7362 2005
7363 2006
7364 2004
7365 2006
7366 2004
7367 2008
7368 2008
7369 2006
7370 2007
7371 2006
7372 2004
7373 2005
7374 2005
7375 2008
7376 2006
7377 2008
7378 2008
7379 2008
7380 2003
7381 2007
7382 2006
7383 2009
7384 2008
7385 2007
7386 2004
7387 2006
7388 2005
7389 2005
7390 1999
7391 2008
7392 2004
7393 2008
7394 2008
7395 2006
7396 2008
7397 2008
7398 2008
7399 2006
7400 2007
7401 2009
7402 2008
7403 2007
7404 2009
7405 2006
7406 2003
7407 2008
7408 2005
7409 2005
7410 2008
7411 2006
7412 2004
7413 2002
7414 2007
7415 2004
7416 2005
7417 2007
7418 2007
7419 2009
7420 2004
7421 2005
7422 2006
7423 2006
7424 2008
7425 2007
7426 2004
7427 2005
7428 2005
7429 2006
7430 2008
7431 2004
7432 2008
7433 2008
7434 2007
7435 2006
7436 2005
7437 2007
7438 2009
7439 2005
7440 2005
7441 2003
7442 2009
7443 2006
7444 2007
7445 2006
7446 2002
7447 2008
7448 2006
7449 2006
7450 2002
7451 2005
7452 2007
7453 2005
7454 2009
7455 2006
7456 2004
7457 2007
7458 2009
7459 2005
7460 2006
7461 2008
7462 2007
7463 2005
7464 2004
7465 2008
7466 2004
7467 2008
7468 2007
7469 2009
7470 2007
7471 2004
7472 2009
7473 2009
7474 2008
7475 2008
7476 2004
7477 2005
7478 2008
7479 2004
7480 2008
7481 2007
7482 2009
7483 2009
7484 2008
7485 2006
7486 2009
7487 2004
7488 2006
7489 2008
7490 2008
7491 2007
7492 2005
7493 2004
7494 2008
7495 2009
7496 2008
7497 2006
7498 2009
7499 2006
7500 2005
7501 2007
7502 2008
7503 2004
7504 2003
7505 2007
7506 2005
7507 2006
7508 2004
7509 2009
7510 2007
7511 2009
7512 2006
7513 2005
7514 2005
7515 2008
7516 2005
7517 2007
7518 2004
7519 2005
7520 2006
7521 2004
7522 2007
7523 2009
7524 2007
7525 2001
7526 2009
7527 2007
7528 2006
7529 2005
7530 2008
7531 2007
7532 2007
7533 2008
7534 2006
7535 2005
7536 2005
7537 2006
7538 2004
7539 2006
7540 2007
7541 2007
7542 2005
7543 2009
7544 2009
7545 2005
7546 2004
7547 2003
7548 2006
7549 2007
7550 2007
7551 2006
7552 2009
7553 2007
7554 2007
7555 2007
7556 2009
7557 2006
7558 2005
7559 2004
7560 2004
7561 2009
7562 2005
7563 2004
7564 2004
7565 2004
7566 2007
7567 2006
7568 2006
7569 2009
7570 2009
7571 2009
7572 2005
7573 2006
7574 2007
7575 2007
7576 2007
7577 2007
7578 2004
7579 2005
7580 2005
7581 2008
7582 2008
7583 2005
7584 2006
7585 2008
7586 2005
7587 2008
7588 2008
7589 2007
7590 2007
7591 2006
7592 2004
7593 2007
7594 2005
7595 2008
7596 2006
7597 2009
7598 2005
7599 2006
7600 2002
7601 2006
7602 2003
7603 2009
7604 2009
7605 2006
7606 2006
7607 2009
7608 2007
7609 2005
7610 2009
7611 2008
7612 2005
7613 2005
7614 2007
7615 2009
7616 2008
7617 2009
7618 2005
7619 2008
7620 2007
7621 2007
7622 2006
7623 2004
7624 2004
7625 2008
7626 2005
7627 2007
7628 2006
7629 2004
7630 2007
7631 2006
7632 2007
7633 2009
7634 2007
7635 2005
7636 2007
7637 2005
7638 2008
7639 2009
7640 2009
7641 2008
7642 2006
7643 2009
7644 2008
7645 2008
7646 2005
7647 2006
7648 2006
7649 2006
7650 2009
7651 2004
7652 2004
7653 2007
7654 2004
7655 2002
7656 2008
7657 2008
7658 2008
7659 2004
7660 2006
7661 2004
7662 2006
7663 2009
7664 2007
7665 2008
7666 2009
7667 2006
7668 2007
7669 2009
7670 2005
7671 2008
7672 2008
7673 2008
7674 2006
7675 1994
7676 2006
7677 2004
7678 2009
7679 2008
7680 2005
7681 2007
7682 2006
7683 2005
7684 2008
7685 2005
7686 2003
7687 2004
7688 2008
7689 2005
7690 2007
7691 2005
7692 2006
7693 2006
7694 2003
7695 2004
7696 2006
7697 2005
7698 1998
7699 2005
7700 2007
7701 2005
7702 2007
7703 2008
7704 2009
7705 2005
7706 2009
7707 2009
7708 2004
7709 2006
7710 2003
7711 2006
7712 2005
7713 2009
7714 2006
7715 2008
7716 2008
7717 2004
7718 2003
7719 2006
7720 2009
7721 2007
7722 2006
7723 2006
7724 2004
7725 2008
7726 2008
7727 2004
7728 2009
7729 2003
7730 2008
7731 2007
7732 2008
7733 2005
7734 2007
7735 2006
7736 2007
7737 2009
7738 2008
7739 2005
7740 2007
7741 2008
7742 2005
7743 2006
7744 2009
7745 2008
7746 2005
7747 2009
7748 2008
7749 2005
7750 2006
7751 1999
7752 2004
7753 2002
7754 2007
7755 2005
7756 2007
7757 2004
7758 2009
7759 2008
7760 2006
7761 2009
7762 2008
7763 2008
7764 2009
7765 2004
7766 2007
7767 2009
7768 2008
7769 2009
7770 2006
7771 2006
7772 2007
7773 2009
7774 2009
7775 2003
7776 2007
7777 2009
7778 2007
7779 2006
7780 2009
7781 2008
7782 2004
7783 2005
7784 2005
7785 2009
7786 2005
7787 2005
7788 2006
7789 2006
7790 2010
7791 2005
7792 2001
7793 2005
7794 2006
7795 2003
7796 2005
7797 2006
7798 2008
7799 2004
7800 2009
7801 2006
7802 2005
7803 2004
7804 2007
7805 2003
7806 2007
7807 2007
7808 2008
7809 2008
7810 2009
7811 2009
7812 2007
7813 2001
7814 2002
7815 2007
7816 2006
7817 2005
7818 2006
7819 2007
7820 2009
7821 2008
7822 2004
7823 2003
7824 2005
7825 2009
7826 2004
7827 2008
7828 2007
7829 2004
7830 2008
7831 2008
7832 2005
7833 2009
7834 2010
7835 2009
7836 2009
7837 2007
7838 2003
7839 2006
7840 2006
7841 2009
7842 2007
7843 2006
7844 2006
7845 2009
7846 2004
7847 2009
7848 2005
7849 2007
7850 2008
7851 2007
7852 2004
7853 2009
7854 2008
7855 2004
7856 2007
7857 2009
7858 2007
7859 2006
7860 2005
7861 2008
7862 2008
7863 2006
7864 2006
7865 2004
7866 2003
7867 2005
7868 2007
7869 2009
7870 2007
7871 2006
7872 2006
7873 2008
7874 2007
7875 2008
7876 2010
7877 2004
7878 2007
7879 2007
7880 2005
7881 2008
7882 2004
7883 2004
7884 2005
7885 2008
7886 2004
7887 2007
7888 2009
7889 2005
7890 2008
7891 2007
7892 2004
7893 2006
7894 2005
7895 2006
7896 2005
7897 2008
7898 2005
7899 2004
7900 2004
7901 2004
7902 2008
7903 1995
7904 2001
7905 2003
7906 2009
7907 2007
7908 2006
7909 2009
7910 2006
7911 2004
7912 2007
7913 2004
7914 2007
7915 2008
7916 2004
7917 2005
7918 2004
7919 2007
7920 2008
7921 2003
7922 2006
7923 2006
7924 2006
7925 2008
7926 2008
7927 2004
7928 2004
7929 2007
7930 2005
7931 2008
7932 2003
7933 2009
7934 2009
7935 2004
7936 2007
7937 2007
7938 2004
7939 2004
7940 2004
7941 2004
7942 2009
7943 2004
7944 2006
7945 2006
7946 2006
7947 2006
7948 2005
7949 2009
7950 2006
7951 2008
7952 2007
7953 2006
7954 2006
7955 2005
7956 2004
7957 2005
7958 2006
7959 2008
7960 2008
7961 2009
7962 2009
7963 2007
7964 2009
7965 2007
7966 2005
7967 2005
7968 2006
7969 2009
7970 2001
7971 2004
7972 2006
7973 2008
7974 2008
7975 2004
7976 2008
7977 2006
7978 2009
7979 2007
7980 2008
7981 2008
7982 2005
7983 2007
7984 2006
7985 2005
7986 2008
7987 2006
7988 2009
7989 2009
7990 2008
7991 2008
7992 2002
7993 2007
7994 2004
7995 2005
7996 2008
7997 2002
7998 2004
7999 2010
8000 2005
8001 2008
8002 2006
8003 2009
8004 2008
8005 2005
8006 2008
8007 2007
8008 2008
8009 2004
8010 2005
8011 2004
8012 2006
8013 2004
8014 2005
8015 2004
8016 2004
8017 2004
8018 2008
8019 2009
8020 2007
8021 2007
8022 2009
8023 2004
8024 2003
8025 2003
8026 2009
8027 2004
8028 2005
8029 2007
8030 2008
8031 2002
8032 2005
8033 1998
8034 2005
8035 2006
8036 2009
8037 2005
8038 2008
8039 2005
8040 2009
8041 2004
8042 2007
8043 2006
8044 2003
8045 2006
8046 2005
8047 2007
8048 2006
8049 2009
8050 2004
8051 2008
8052 2008
8053 2003
8054 2008
8055 2009
8056 2007
8057 2008
8058 2004
8059 2005
8060 2006
8061 2005
8062 2008
8063 2009
8064 2007
8065 2006
8066 2006
8067 2007
8068 2006
8069 2005
8070 2004
8071 2003
8072 2007
8073 2009
8074 2008
8075 2007
8076 2005
8077 2008
8078 2005
8079 2005
8080 2007
8081 2006
8082 2004
8083 2007
8084 2004
8085 2006
8086 2008
8087 2008
8088 2008
8089 2005
8090 2007
8091 2004
8092 2005
8093 2005
8094 2002
8095 2007
8096 2007
8097 2006
8098 2008
8099 2004
8100 2004
8101 2009
8102 2006
8103 2007
8104 2001
8105 2007
8106 2009
8107 2009
8108 2004
8109 2009
8110 2005
8111 2006
8112 2006
8113 2008
8114 2005
8115 2008
8116 2008
8117 2007
8118 2009
8119 2005
8120 2003
8121 2006
8122 1998
8123 2007
8124 2004
8125 2008
8126 2003
8127 2009
8128 2007
8129 2009
8130 2007
8131 2007
8132 2008
8133 2005
8134 2003
8135 2008
8136 2005
8137 2007
8138 1992
8139 2008
8140 2006
8141 2009
8142 2006
8143 2005
8144 2004
8145 2008
8146 2005
8147 2008
8148 2004
8149 2006
8150 2006
8151 2005
8152 2006
8153 2009
8154 2006
8155 2009
8156 2008
8157 2006
8158 2002
8159 2006
8160 2004
8161 2004
8162 2004
8163 2004
8164 2006
8165 2008
8166 2009
8167 2004
8168 2007
8169 2007
8170 2009
8171 2006
8172 2005
8173 2007
8174 2003
8175 2007
8176 2009
8177 2004
8178 2007
8179 2000
8180 2008
8181 2008
8182 2004
8183 2006
8184 2009
8185 2004
8186 2005
8187 2006
8188 2006
8189 2007
8190 2009
8191 2008
8192 2007
8193 2008
8194 2006
8195 2005
8196 2004
8197 2007
8198 2004
8199 2003
8200 2008
8201 2005
8202 2008
8203 2008
8204 2007
8205 2008
8206 2005
8207 2004
8208 2005
8209 2005
8210 2007
8211 2007
8212 2009
8213 2008
8214 2008
8215 2002
8216 2006
8217 2005
8218 2004
8219 2007
8220 2004
8221 2008
8222 2003
8223 2003
8224 2006
8225 2008
8226 2003
8227 2008
8228 2008
8229 2008
8230 2006
8231 2007
8232 2005
8233 2009
8234 2005
8235 2000
8236 2006
8237 2004
8238 2005
8239 2006
8240 2009
8241 2009
8242 1995
8243 2007
8244 2008
8245 2003
8246 2006
8247 2004
8248 2008
8249 2009
8250 2008
8251 2006
8252 2005
8253 2003
8254 2006
8255 2010
8256 2004
8257 2007
8258 2007
8259 2006
8260 2004
8261 2008
8262 2007
8263 2004
8264 2001
8265 2008
8266 2003
8267 2006
8268 2008
8269 2009
8270 2004
8271 2008
8272 2006
8273 2005
8274 2008
8275 2005
8276 2009
8277 2005
8278 2008
8279 2004
8280 2009
8281 2007
8282 2007
8283 2003
8284 2007
8285 2004
8286 2004
8287 1999
8288 2008
8289 2006
8290 2005
8291 2004
8292 2005
8293 2008
8294 2005
8295 2006
8296 2008
8297 2008
8298 2004
8299 2005
8300 2009
8301 2007
8302 2006
8303 2004
8304 2008
8305 2008
8306 2005
8307 2007
8308 2009
8309 2009
8310 2008
8311 2004
8312 2009
8313 2006
8314 2002
8315 2008
8316 2009
8317 2005
8318 2006
8319 2009
8320 2009
8321 2009
8322 2006
8323 2008
8324 2005
8325 2008
8326 2007
8327 2008
8328 2005
8329 2006
8330 2006
8331 2006
8332 2009
8333 2007
8334 2006
8335 2008
8336 2009
8337 2007
8338 2003
8339 2004
8340 2008
8341 2010
8342 2005
8343 2009
8344 2004
8345 2003
8346 2007
8347 2006
8348 2006
8349 2004
8350 2004
8351 2005
8352 2008
8353 2005
8354 2008
8355 2008
8356 2009
8357 1996
8358 2003
8359 2007
8360 2004
8361 2008
8362 2006
8363 2009
8364 2006
8365 2000
8366 2005
8367 2005
8368 2005
8369 2005
8370 2005
8371 2008
8372 2006
8373 2004
8374 2005
8375 2004
8376 2005
8377 2004
8378 2006
8379 2008
8380 2004
8381 2005
8382 2004
8383 2004
8384 2006
8385 2009
8386 2008
8387 2007
8388 2009
8389 2003
8390 2002
8391 2009
8392 2009
8393 2006
8394 2006
8395 2006
8396 2005
8397 2005
8398 2006
8399 2009
8400 2008
8401 2003
8402 2004
8403 2008
8404 2007
8405 2002
8406 2005
8407 2008
8408 2007
8409 2009
8410 2008
8411 2005
8412 2008
8413 2005
8414 2005
8415 2009
8416 2007
8417 2008
8418 2005
8419 2003
8420 2007
8421 2007
8422 2005
8423 2006
8424 2007
8425 2005
8426 2006
8427 2001
8428 2007
8429 2007
8430 2005
8431 2005
8432 2008
8433 2004
8434 2005
8435 2006
8436 2007
8437 2006
8438 2009
8439 2007
8440 2007
8441 2007
8442 2003
8443 2009
8444 2004
8445 2005
8446 2009
8447 2008
8448 2008
8449 2006
8450 2004
8451 2009
8452 2008
8453 2007
8454 2009
8455 2008
8456 2003
8457 2008
8458 2007
8459 2009
8460 2004
8461 2008
8462 2007
8463 2008
8464 2004
8465 2009
8466 2002
8467 2008
8468 2008
8469 2007
8470 2006
8471 2005
8472 2008
8473 2007
8474 2006
8475 2008
8476 2007
8477 2004
8478 2008
8479 2007
8480 2007
8481 2008
8482 2006
8483 2009
8484 2004
8485 1900
8486 2006
8487 2007
8488 2009
8489 2008
8490 2006
8491 2009
8492 2005
8493 2005
8494 2008
8495 2004
8496 2007
8497 2005
8498 2004
8499 2006
8500 2003
8501 2008
8502 2004
8503 2004
8504 2006
8505 2006
8506 2006
8507 2008
8508 2009
8509 2005
8510 2007
8511 2007
8512 2006
8513 2005
8514 2008
8515 2006
8516 2006
8517 2005
8518 2008
8519 2006
8520 2009
8521 2006
8522 2008
8523 2004
8524 2009
8525 2010
8526 2005
8527 2006
8528 2008
8529 2005
8530 2009
8531 2005
8532 2008
8533 1994
8534 2006
8535 2006
8536 2005
8537 2007
8538 2007
8539 2008
8540 2005
8541 2006
8542 2009
8543 2004
8544 2004
8545 2008
8546 2009
8547 2009
8548 2008
8549 2006
8550 2004
8551 2008
8552 1997
8553 2009
8554 2004
8555 2006
8556 2005
8557 2009
8558 2005
8559 2003
8560 2004
8561 2009
8562 2008
8563 2007
8564 2008
8565 2007
8566 2006
8567 2009
8568 2003
8569 2003
8570 2008
8571 2008
8572 2006
8573 2004
8574 2008
8575 2005
8576 2008
8577 2008
8578 2009
8579 2007
8580 2004
8581 2009
8582 2009
8583 2009
8584 2004
8585 2009
8586 2004
8587 2005
8588 2004
8589 2008
8590 2003
8591 2004
8592 2008
8593 2004
8594 2006
8595 2008
8596 2005
8597 2002
8598 2007
8599 2009
8600 2009
8601 2009
8602 2004
8603 2003
8604 2007
8605 2008
8606 2005
8607 2009
8608 2002
8609 2009
8610 2007
8611 2009
8612 2007
8613 2006
8614 2007
8615 2008
8616 2003
8617 2009
8618 2009
8619 2009
8620 2007
8621 2009
8622 2007
8623 2007
8624 2005
8625 2008
8626 2009
8627 2008
8628 2007
8629 2009
8630 2007
8631 2008
8632 2004
8633 2007
8634 2008
8635 2005
8636 2006
8637 2004
8638 2002
8639 2008
8640 2008
8641 2009
8642 2008
8643 2006
8644 2005
8645 2006
8646 2007
8647 2006
8648 2008
8649 2008
8650 2006
8651 2006
8652 2007
8653 2007
8654 2009
8655 2005
8656 2007
8657 1999
8658 2005
8659 2006
8660 2004
8661 2008
8662 2008
8663 2008
8664 2007
8665 2006
8666 1974
8667 2006
8668 2009
8669 2005
8670 2009
8671 2007
8672 2009
8673 2008
8674 2007
8675 2008
8676 2009
8677 2004
8678 2005
8679 2005
8680 2006
8681 2008
8682 2006
8683 2007
8684 2005
8685 2006
8686 2005
8687 2007
8688 2009
8689 2004
8690 2008
8691 2008
8692 2006
8693 2008
8694 2004
8695 2005
8696 2002
8697 2005
8698 2009
8699 2007
8700 2004
8701 2005
8702 2005
8703 2006
8704 2006
8705 2004
8706 2009
8707 2005
8708 2009
8709 2007
8710 2008
8711 2007
8712 2007
8713 2006
8714 2006
8715 2005
8716 2008
8717 2009
8718 2005
8719 2007
8720 2008
8721 2004
8722 2007
8723 2003
8724 2005
8725 2005
8726 2009
8727 2005
8728 2008
8729 2005
8730 2008
8731 2009
8732 2009
8733 2010
8734 2009
8735 2006
8736 2008
8737 2005
8738 2008
8739 2004
8740 2005
8741 2004
8742 2005
8743 2007
8744 2004
8745 2008
8746 2006
8747 2004
8748 2006
8749 2006
8750 2008
8751 2005
8752 2004
8753 1998
8754 2008
8755 2004
8756 2007
8757 2004
8758 2008
8759 2008
8760 2008
8761 2004
8762 2005
8763 2008
8764 2005
8765 2006
8766 2006
8767 2009
8768 2008
8769 2007
8770 2006
8771 2008
8772 2005
8773 2007
8774 2007
8775 2003
8776 2005
8777 2004
8778 2005
8779 2004
8780 2005
8781 2009
8782 2008
8783 2009
8784 2009
8785 2006
8786 2008
8787 2008
8788 2004
8789 2005
8790 2008
8791 2007
8792 2009
8793 2005
8794 2004
8795 2009
8796 2007
8797 2005
8798 2010
8799 2007
8800 2005
8801 2009
8802 2006
8803 2009
8804 2007
8805 2009
8806 2005
8807 2007
8808 2008
8809 2009
8810 2008
8811 2004
8812 2007
8813 2008
8814 2004
8815 2004
8816 2006
8817 2007
8818 2005
8819 2006
8820 2007
8821 2004
8822 2008
8823 2008
8824 2005
8825 2009
8826 2009
8827 2004
8828 2008
8829 2007
8830 2006
8831 2006
8832 2005
8833 2005
8834 2002
8835 2007
8836 2007
8837 2007
8838 2006
8839 2003
8840 2005
8841 2009
8842 2003
8843 2009
8844 2009
8845 2005
8846 2004
8847 2007
8848 2003
8849 2006
8850 2009
8851 2004
8852 2006
8853 2006
8854 2006
8855 2007
8856 2006
8857 2004
8858 2005
8859 2007
8860 2007
8861 2007
8862 2006
8863 2004
8864 2006
8865 2005
8866 2006
8867 2004
8868 2007
8869 2006
8870 2005
8871 2005
8872 2006
8873 2006
8874 2003
8875 2007
8876 2005
8877 2007
8878 2009
8879 2010
8880 2007
8881 2005
8882 2005
8883 2009
8884 2008
8885 2004
8886 2008
8887 2002
8888 2009
8889 2005
8890 2008
8891 2006
8892 2007
8893 2009
8894 2006
8895 2008
8896 2006
8897 2005
8898 2002
8899 2008
8900 2009
8901 2006
8902 2006
8903 2008
8904 2008
8905 2008
8906 2004
8907 2005
8908 2007
8909 2005
8910 2008
8911 2009
8912 2003
8913 2007
8914 2007
8915 2009
8916 2007
8917 2005
8918 2006
8919 2006
8920 2007
8921 2009
8922 2005
8923 2008
8924 2007
8925 2009
8926 2004
8927 2009
8928 2006
8929 2007
8930 2004
8931 2007
8932 2007
8933 2007
8934 2006
8935 2004
8936 2008
8937 2004
8938 2007
8939 2006
8940 2004
8941 2006
8942 2006
8943 2004
8944 2008
8945 2006
8946 2005
8947 2008
8948 2009
8949 2007
8950 2004
8951 2006
8952 2008
8953 2008
8954 2004
8955 2006
8956 2003
8957 2009
8958 2002
8959 2004
8960 2008
8961 2006
8962 2006
8963 2009
8964 2006
8965 2005
8966 2005
8967 2008
8968 2008
8969 2007
8970 2006
8971 2004
8972 2008
8973 2006
8974 2009
8975 2006
8976 2007
8977 2007
8978 2006
8979 2004
8980 2003
8981 2007
8982 2003
8983 2007
8984 2000
8985 2006
8986 2006
8987 2006
8988 2007
8989 2004
8990 2009
8991 2005
8992 2005
8993 2008
8994 2005
8995 2006
8996 2007
8997 2006
8998 2007
8999 2002
9000 2006
9001 2006
9002 2006
9003 2008
9004 2005
9005 2005
9006 2005
9007 2004
9008 2007
9009 2005
9010 2005
9011 2000
9012 1991
9013 2003
9014 2008
9015 2008
9016 2009
9017 2005
9018 2008
9019 2008
9020 2008
9021 2007
9022 2004
9023 2006
9024 2006
9025 2005
9026 2006
9027 2008
9028 2009
9029 2006
9030 2005
9031 2007
9032 2007
9033 2004
9034 2005
9035 2005
9036 2007
9037 2007
9038 2004
9039 2009
9040 2006
9041 2005
9042 2005
9043 2004
9044 2008
9045 2005
9046 2006
9047 2005
9048 2006
9049 2006
9050 2008
9051 2007
9052 2007
9053 2007
9054 2006
9055 2003
9056 2005
9057 2006
9058 2007
9059 2009
9060 2008
9061 2006
9062 2005
9063 2007
9064 2008
9065 2005
9066 2006
9067 2006
9068 2008
9069 2009
9070 2006
9071 2008
9072 2007
9073 2008
9074 2004
9075 2006
9076 2009
9077 2004
9078 2006
9079 2008
9080 2008
9081 2003
9082 2005
9083 2006
9084 2003
9085 2005
9086 2008
9087 2008
9088 2005
9089 2005
9090 2008
9091 2007
9092 2005
9093 2007
9094 2009
9095 2007
9096 2005
9097 2006
9098 2009
9099 2009
9100 2006
9101 2008
9102 2006
9103 2004
9104 2008
9105 2005
9106 2008
9107 2004
9108 2008
9109 2004
9110 2007
9111 2006
9112 2005
9113 2006
9114 2004
9115 2007
9116 2006
9117 2004
9118 2004
9119 2008
9120 2007
9121 2006
9122 2004
9123 2005
9124 2005
9125 2006
9126 2009
9127 2006
9128 2006
9129 2007
9130 2004
9131 2007
9132 2005
9133 2009
9134 2004
9135 2006
9136 2005
9137 2007
9138 2007
9139 2006
9140 2004
9141 2006
9142 2008
9143 2007
9144 2005
9145 2009
9146 2006
9147 2005
9148 2007
9149 2007
9150 2004
9151 2008
9152 2002
9153 2005
9154 2007
9155 2008
9156 2009
9157 2006
9158 2009
9159 2005
9160 2006
9161 2009
9162 2006
9163 2005
9164 1998
9165 2006
9166 2009
9167 2009
9168 2005
9169 2006
9170 2007
9171 2001
9172 2007
9173 2002
9174 2007
9175 2009
9176 2009
9177 2005
9178 2007
9179 2006
9180 2003
9181 2002
9182 2006
9183 2005
9184 2004
9185 2009
9186 2003
9187 2008
9188 2006
9189 2006
9190 2009
9191 2007
9192 2006
9193 2008
9194 2004
9195 2008
9196 2009
9197 2004
9198 2004
9199 2002
9200 2009
9201 1997
9202 2005
9203 2009
9204 2005
9205 2003
9206 2008
9207 2006
9208 2005
9209 2007
9210 2009
9211 2004
9212 2006
9213 2007
9214 2007
9215 2007
9216 2006
9217 2005
9218 2004
9219 2008
9220 2008
9221 2007
9222 2005
9223 2009
9224 2008
9225 2009
9226 2007
9227 2003
9228 2007
9229 2008
9230 2008
9231 2006
9232 2005
9233 2004
9234 2003
9235 2007
9236 2003
9237 2006
9238 2004
9239 2007
9240 2005
9241 2003
9242 2005
9243 2009
9244 2010
9245 2005
9246 2005
9247 2006
9248 2005
9249 2007
9250 2005
9251 2007
9252 2003
9253 2008
9254 2005
9255 2005
9256 2007
9257 2007
9258 2005
9259 2008
9260 2009
9261 2005
9262 2006
9263 2008
9264 2009
9265 2008
9266 2003
9267 2005
9268 2005
9269 2006
9270 2009
9271 2003
9272 2006
9273 2009
9274 2009
9275 2006
9276 2007
9277 2005
9278 2008
9279 2008
9280 2006
9281 2005
9282 2004
9283 2008
9284 2007
9285 2008
9286 2007
9287 2006
9288 2007
9289 2006
9290 2007
9291 2009
9292 2007
9293 2007
9294 2007
9295 2004
9296 2003
9297 2008
9298 2009
9299 2004
9300 2006
9301 2006
9302 2005
9303 1910
9304 2009
9305 2009
9306 2008
9307 2009
9308 2004
9309 2008
9310 2009
9311 2008
9312 2004
9313 2005
9314 2005
9315 2008
9316 2008
9317 2006
9318 2009
9319 2004
9320 2009
9321 2009
9322 2005
9323 2009
9324 2006
9325 2009
9326 2009
9327 2008
9328 2009
9329 2007
9330 2006
9331 2008
9332 2007
9333 2009
9334 2005
9335 2009
9336 2007
9337 2005
9338 2009
9339 2004
9340 2003
9341 2002
9342 2006
9343 2007
9344 2006
9345 2004
9346 2008
9347 2006
9348 2010
9349 2004
9350 2007
9351 2008
9352 2003
9353 2005
9354 1980
9355 2006
9356 2005
9357 2007
9358 2008
9359 2008
9360 2009
9361 2005
9362 2009
9363 2007
9364 2007
9365 2006
9366 2007
9367 2006
9368 2005
9369 2004
9370 2007
9371 2006
9372 2004
9373 2006
9374 2008
9375 2005
9376 2008
9377 2008
9378 2008
9379 2007
9380 2007
9381 2007
9382 2005
9383 2008
9384 2007
9385 2009
9386 2010
9387 2006
9388 2005
9389 2006
9390 2006
9391 2008
9392 2007
9393 2005
9394 2007
9395 2005
9396 2007
9397 2008
9398 2008
9399 2004
9400 2004
9401 2006
9402 2002
9403 2009
9404 2007
9405 2006
9406 2006
9407 2006
9408 2007
9409 2005
9410 2005
9411 2009
9412 2003
9413 2008
9414 2009
9415 2006
9416 2007
9417 2005
9418 2006
9419 2003
9420 2007
9421 2009
9422 2006
9423 2006
9424 2003
9425 2003
9426 2007
9427 2009
9428 2005
9429 2008
9430 2008
9431 2004
9432 2008
9433 2004
9434 2008
9435 2006
9436 2009
9437 2004
9438 2007
9439 2009
9440 2007
9441 2007
9442 2006
9443 2008
9444 2006
9445 2007
9446 2009
9447 2006
9448 2006
9449 2005
9450 2006
9451 2006
9452 2008
9453 2008
9454 2006
9455 2007
9456 2007
9457 2008
9458 2007
9459 2006
9460 2005
9461 2006
9462 2009
9463 2007
9464 2006
9465 2004
9466 2007
9467 2004
9468 2005
9469 2007
